2.401504
3.306893
2.933707
2.838142
3.202225
4.051864
3.937725
3.121891
2.205628
2.109441
1.085471
0.950760
1.275318
1.352491
1.082813
0.334002
0.399957
0.420108
0.789159
0.786297
1.154648
0.815465
0.440127
0.782277
0.768849
0.702763
0.870343
0.634527
1.451526
2.060444
1.117722
1.273527
1.347053
1.618655
1.518294
1.564825
1.691034
2.466330
2.353198
3.747611
3.109494
3.284900
3.876251
4.555953
6.108546
2.078265
2.481096
1.697535
2.222390
2.407763
2.424918
2.357505
1.583708
2.650137
1.900224
1.959500
0.938690
0.306985
0.155804
0.326484
0.574382
0.313911
0.477562
0.359306
0.683267
0.551909
0.612213
0.458912
1.010972
0.852841
1.446938
1.443396
1.099940
2.207705
0.474191
0.439590
0.379617
0.222357
0.299343
0.968664
1.984997
1.230801
0.667701
0.482827
0.445925
0.290064
0.712643
0.289324
1.096758
1.264288
0.705113
0.421849
0.989925
0.753625
0.669012
1.113325
0.751995
0.965078
1.678388
0.644200
0.289261
0.239566
0.638473
0.685789
0.287051
0.427523
0.416558
0.959072
0.451228
0.410117
0.327837
0.510125
0.304386
0.522161
0.276593
0.695081
0.466728
0.362723
0.271803
0.243678
0.332775
0.477281
1.069733
0.573462
0.651951
1.332011
1.449665
1.055116
1.391354
0.960106
1.408414
1.041701
0.445675
0.686673
1.591920
2.444442
2.461209
1.640274
1.929363
2.162621
1.642515
1.682271
1.647178
1.764111
1.453578
1.157932
0.735991
0.734773
0.888365
0.696980
0.525050
0.403881
0.471947
0.604770
1.105030
1.174330
1.654465
0.870457
0.599811
0.499975
0.666112
0.657606
0.411162
0.547063
0.590514
0.433738
0.494901
0.255684
0.389203
0.544384
0.131096
0.377868
0.213438
0.302656
0.372889
0.718062
0.276368
0.423155
0.286210
0.958845
0.743048
0.343392
0.514148
0.160767
0.485518
0.342624
0.429038
0.363762
0.520804
0.340166
0.347178
0.405829
0.516804
0.566250
0.533160
0.460702
0.441185
0.758980
0.597424
0.435148
0.303994
0.180636
0.428442
0.391816
0.626388
0.651097
0.556117
0.473826
0.333314
0.296726
0.415811
0.436894
0.648058
0.945739
1.118511
0.785883
0.916823
1.408194
1.565026
2.393537
2.653290
2.659155
2.838747
1.628021
1.181749
2.009435
1.176046
1.829929
2.043688
1.604769
2.913960
2.648812
2.747921
3.481994
3.026968
2.670572
1.553791
1.077251
0.439094
0.309147
0.500134
0.779424
1.295857
1.193705
0.861480
0.800157
0.961916
0.412222
1.202479
0.376089
1.009012
0.240044
0.549846
0.800567
0.554564
0.320488
0.500072
0.555331
0.548956
0.495277
0.930325
0.550177
0.364957
0.273899
0.353203
1.011800
0.948588
1.106160
1.198070
1.457178
1.900740
1.507516
1.156351
1.461523
1.361124
2.347944
3.351667
3.069415
1.873263
2.062835
1.384734
1.975711
1.329628
1.394322
1.273488
3.197916
1.706323
1.740669
1.931216
2.329541
1.219810
1.159174
1.270574
1.620937
1.019614
1.478524
1.160551
1.018184
1.029529
0.285969
0.432756
0.636488
1.193634
0.952457
0.874357
0.489890
0.534019
0.563658
0.556435
0.427961
0.435826
0.442437
1.582738
1.371557
0.573514
0.586682
0.537676
0.779552
0.459974
0.531203
0.690233
0.858095
0.733914
0.982818
1.790942
1.609454
1.420846
0.759259
0.489607
0.654407
0.619041
0.667368
1.354772
1.440282
2.097680
2.310741
2.242682
0.894364
0.901392
0.753524
0.622388
0.417051
0.255857
0.301611
0.343827
0.599529
1.105911
0.553662
0.401672
0.889829
0.591239
0.613187
0.731429
0.573472
0.479615
0.623612
0.892102
1.141589
1.357032
1.227270
0.905588
0.858220
1.408920
1.722762
1.654329
1.836520
1.602574
1.431121
0.679417
1.020693
1.076213
0.865892
0.787172
0.815024
0.982582
1.161064
0.784328
0.760487
0.722963
0.293615
0.354319
0.273741
0.545394
0.794860
0.819523
0.988384
1.644355
2.405917
1.798473
1.971537
1.322356
1.378815
1.771756
0.513382
0.373395
1.680596
1.566227
1.768777
2.702471
2.478171
2.086120
2.422979
1.544397
1.416433
1.328028
1.385270
1.362115
1.140139
1.385981
1.050104
1.725195
0.529804
0.498395
0.827153
0.250798
0.706186
0.591562
0.600975
0.355358
0.152549
0.310480
0.438907
0.741694
1.170895
0.880250
0.877205
0.224740
0.818474
0.411418
0.399860
0.549135
0.682253
0.657199
0.508961
0.270715
0.349905
0.395922
0.447324
0.994471
0.473604
0.400377
0.198875
0.845757
0.436347
0.381046
0.207997
0.631923
0.932069
0.502725
0.559655
0.708576
0.756402
0.459310
0.293923
0.444662
0.597095
0.624500
0.494820
0.380316
0.257262
0.668141
0.829682
0.915805
0.674769
0.858130
1.079979
1.201548
1.498640
1.310403
1.012326
0.661997
1.322081
2.739053
2.617087
2.822867
2.325948
1.977044
1.425521
0.646206
0.287552
0.362282
0.375752
0.509547
0.458956
0.577231
0.666244
1.193267
0.780576
0.914461
1.246655
0.745541
0.707292
0.870677
1.154933
0.532855
0.822182
0.380062
0.433892
0.410244
0.624336
0.493973
0.431338
0.419988
1.302250
1.150272
1.295003
0.996561
0.796291
1.383118
1.289692
1.245495
0.423078
0.452961
0.346271
0.357555
0.657730
0.776872
0.606785
1.016818
0.502025
0.416303
0.539682
0.876861
0.665697
0.652075
0.832316
1.414707
1.163523
0.863829
0.769011
1.093526
1.301769
1.475153
0.928319
0.514326
0.666129
0.664457
0.654024
0.466055
0.753090
0.500408
0.307031
0.405418
0.670136
0.563935
0.386438
0.241321
0.747953
0.791134
0.345598
0.360093
1.147779
0.863926
1.821998
1.423558
1.524872
1.071347
0.748964
0.595097
0.396139
0.343775
0.885374
0.354255
0.291278
0.481089
0.576037
0.367139
0.286065
0.408067
0.599650
1.138813
0.811729
1.015572
0.725158
0.613060
0.418011
0.220426
0.215685
0.461898
0.430674
0.425282
1.159380
0.619968
1.048627
1.099525
0.840960
1.447199
1.833258
1.540763
1.828352
1.675768
2.415406
1.947081
1.463381
2.156706
1.893119
1.676846
1.450332
1.262140
0.774844
0.957722
1.263018
0.776054
0.951499
0.927857
1.560965
1.143035
2.342870
3.583312
2.366406
2.585007
1.265497
2.074085
1.431540
1.381990
0.536188
0.581861
1.103403
0.839968
0.443017
0.595812
0.614201
1.280649
0.660202
0.400691
0.355848
0.328333
0.374387
0.660349
1.076410
1.815118
1.300558
1.432022
0.964683
1.060587
0.866095
0.658609
0.352964
0.559812
0.433978
0.468893
1.103878
1.218571
0.773226
0.638972
0.809883
1.126219
0.474563
0.909606
1.357865
0.892729
1.538075
1.319278
0.727862
1.099179
1.040851
1.342006
1.455356
1.647413
1.569658
1.659050
0.965764
1.035973
1.470096
1.618140
1.564301
1.580742
2.085465
3.272128
2.865908
1.907667
2.566754
2.645117
2.439917
1.972266
1.332414
0.726973
0.657697
1.081305
1.179647
0.419476
0.529514
0.757667
1.161078
0.556037
0.766573
0.516878
0.881472
0.484409
0.410885
0.371493
0.374087
0.334460
0.444117
0.576618
0.709637
0.984377
1.743897
1.737660
0.936614
2.429642
2.035258
2.135826
1.442173
1.957510
2.582013
2.858483
2.480444
2.537361
1.625408
1.365804
1.637207
1.529172
1.680817
1.906514
0.960324
1.385942
1.045481
0.550505
0.838652
0.904593
0.739955
1.020998
1.103880
1.042490
0.611995
0.313101
1.022427
1.072794
1.788489
1.665871
2.010111
2.637437
3.169670
4.846999
2.382354
2.064219
1.402952
2.276767
2.907041
2.171471
1.276700
1.676188
1.091181
1.516686
1.357216
0.960272
0.737853
0.582115
0.900675
1.182546
1.651192
2.005872
3.529534
1.490154
1.864474
1.573375
1.855427
0.458106
0.958380
0.751391
0.851366
0.454287
0.172946
0.412747
0.384644
0.430976
0.524886
0.496740
0.389902
0.307225
0.219004
1.525919
1.111234
0.973735
0.652001
0.483822
0.495841
0.802644
0.690591
0.449900
0.764107
0.624098
0.724448
0.441739
0.797102
0.834267
0.794419
0.687400
0.838230
1.234621
1.564010
1.342055
1.155714
2.419203
1.585346
0.591123
0.531614
0.492329
0.905557
1.096219
0.798325
0.908166
0.979251
1.200618
0.923290
0.872013
0.770796
0.600317
0.982109
0.640237
0.974961
1.434731
1.223999
0.770774
1.256305
1.798361
1.577010
0.585233
0.549595
0.884606
1.141729
1.516022
1.218054
2.545224
1.032603
0.831428
0.970031
1.102939
1.074562
0.339167
0.407718
0.458083
0.391514
0.754149
0.944461
0.862494
0.369950
0.545955
0.425020
0.325231
0.524045
0.795592
0.944673
0.715588
0.591596
0.796304
0.452826
0.247106
0.405678
0.497893
0.385298
0.471591
0.650987
0.523225
0.474726
0.275584
0.851725
1.432407
1.011882
0.433711
0.495735
0.612442
0.204734
0.686078
0.331582
0.386911
0.265361
0.318939
0.276238
0.594011
0.717451
0.607130
0.580824
0.279513
0.172261
0.162987
0.439049
0.526699
0.303691
0.254947
0.299333
0.387820
0.495108
0.362163
0.395436
0.475332
0.376740
0.206624
0.256106
0.332272
0.408266
0.516360
0.305309
0.346616
0.265385
0.247482
0.552564
0.964351
0.741765
0.722526
2.201004
1.622885
0.679274
0.490362
0.724628
0.983193
1.464448
1.401441
2.196683
2.828776
2.700453
3.963973
2.522586
2.434728
3.779118
2.092833
2.833733
2.165495
2.555589
2.802576
1.972703
2.193617
1.617965
1.428700
1.853947
2.212876
1.224951
3.116214
2.238616
1.400787
1.906674
1.770725
2.649917
3.796087
3.732629
3.497764
2.691295
3.101214
2.600599
2.439622
3.144208
3.129686
3.930535
2.272054
1.333344
1.827736
2.918178
2.768135
2.618574
1.244002
1.002967
2.878745
4.238479
2.987284
2.216923
3.136553
2.204741
1.298131
1.100661
1.177961
1.101952
0.919304
0.701253
0.550106
0.577730
0.613896
0.387835
0.775913
0.451224
0.702314
0.674373
0.976499
0.784046
0.732725
1.246663
0.637943
0.702901
1.061826
0.925270
1.112083
0.980683
1.318312
1.888740
3.323332
2.958290
2.915392
2.980778
2.478439
2.444522
2.456029
2.128099
2.005722
0.856890
0.732184
0.912153
1.566003
2.177078
2.319793
2.279206
1.501195
1.045679
0.471988
0.336519
0.484472
0.308343
0.211755
0.153108
0.216831
0.340899
1.041041
0.609620
0.544519
0.382749
0.919880
0.514047
0.472036
0.453638
0.424913
0.334349
0.841499
0.787987
0.421869
0.696035
0.790110
0.586109
0.696039
0.630668
0.776246
0.943721
1.603838
1.155135
0.739294
0.380928
0.260161
1.030324
0.360609
1.072958
0.892486
1.553423
0.789068
1.410717
1.854123
2.158042
1.276099
1.897167
1.999721
1.087160
0.599651
0.318391
0.658985
0.413599
0.339872
0.336218
0.486756
0.585213
0.996140
0.977784
1.393321
0.880259
0.904300
0.692762
0.611850
0.448466
0.633916
0.615658
0.646820
0.791270
0.660317
0.586192
0.856871
0.990617
1.055132
0.767831
0.420987
0.410603
0.457850
0.398020
0.379139
0.410175
0.363377
0.355795
0.350065
0.799098
0.723964
0.818384
0.896099
0.603926
0.825811
0.917122
1.744427
1.242479
0.579098
0.684608
1.447457
1.329254
0.895357
1.065472
1.325599
0.819054
0.514317
0.237582
0.424310
0.549431
0.650442
0.680538
0.522665
0.549561
1.111422
1.324248
1.370681
1.075501
0.942448
0.889419
0.510323
0.395832
0.721619
0.338361
0.908291
0.689490
0.641548
1.238574
1.667554
0.900747
0.779709
0.563076
0.570273
0.637316
0.800752
0.391932
0.537961
1.066064
1.491395
1.182606
1.654117
1.545618
0.507084
0.761819
2.108288
3.167205
1.505876
1.090027
1.013035
0.993661
0.799177
1.492374
1.910221
1.230765
1.443600
1.941750
1.865901
2.175061
1.749462
1.601388
1.687074
1.220562
1.224793
2.814194
4.206345
3.383309
2.263024
3.354101
3.033039
2.912083
2.734337
1.564548
1.757547
2.193888
1.816284
1.860122
1.713303
2.182238
2.282302
0.855842
1.083685
1.020180
1.383292
1.376892
0.619826
0.509208
0.376008
0.373689
0.425364
1.105389
0.836201
1.524260
1.209456
1.288629
0.603496
0.363964
0.465596
0.470133
0.534280
1.109338
1.719432
1.458172
0.467129
0.594278
0.938962
1.114357
2.246804
2.166887
1.875343
1.553940
2.280008
2.680863
2.302801
2.208485
2.136176
2.268990
2.297089
3.155138
2.128209
1.618799
1.061967
1.319960
0.283379
0.474395
0.927442
0.705961
1.030204
0.799445
0.546111
0.729544
0.488465
0.578949
0.340015
0.386469
1.036317
1.469572
2.793088
2.488605
2.346039
1.489963
1.021435
1.223432
0.964299
1.046859
0.710647
0.762237
0.477631
0.476387
0.254211
0.532859
0.857484
1.396722
1.206836
0.761525
1.990592
1.586316
1.123878
0.641639
0.224356
0.377415
0.556189
0.651530
1.009536
1.739728
1.756300
1.637049
1.983744
2.611733
2.018296
2.603340
1.474324
1.277703
0.850660
0.931933
0.786652
0.882839
1.387012
0.615040
0.574170
0.460098
0.214690
0.278135
0.525443
0.635864
0.653081
0.306533
0.691996
0.446698
0.996978
0.498370
0.505122
0.446607
0.703921
0.731350
0.911036
0.726360
1.062256
0.618915
0.633170
0.754657
0.935977
1.508566
1.652661
0.661757
0.406433
1.167381
1.214960
1.237354
0.648622
1.364375
1.655056
1.212733
1.108224
0.776727
0.522956
0.615193
0.565508
0.459896
0.303851
0.473058
0.571753
0.685284
0.339293
0.832493
0.670020
0.752343
1.291231
2.465379
2.711484
1.820797
1.799526
3.097292
3.605779
1.421950
0.911242
0.904661
1.542667
1.540845
1.274411
0.690051
0.814630
0.913489
0.224473
0.561379
0.567455
0.442062
0.196699
0.346580
0.144692
0.327485
0.234470
0.430856
0.408942
0.923243
1.044745
1.407027
1.650878
1.831066
1.960237
0.621203
0.814064
0.747665
1.670283
0.859129
0.499756
0.542204
1.542864
2.643584
1.571052
1.647719
1.534590
1.544770
2.031807
2.004702
2.809403
2.890470
3.016595
3.695836
3.185657
3.651168
3.767063
2.036696
1.832956
1.852853
2.418436
1.369287
1.858720
2.778111
2.082614
2.920728
2.244003
1.520081
1.614091
1.981099
1.025053
1.632741
1.168480
1.201658
0.958564
0.645553
0.678716
1.675127
1.483076
1.224458
1.255954
1.162470
0.606361
1.031201
1.241543
0.887670
0.468434
1.743044
0.875490
0.810334
1.396781
0.711749
0.972588
0.696861
0.680353
1.163813
1.088689
0.685725
0.497593
0.630543
0.654970
0.762384
0.673991
1.435891
0.819890
1.039630
1.265349
1.673660
0.889886
0.768162
0.615830
0.908243
0.588939
0.814164
0.702284
0.194930
0.500582
0.743166
0.999912
1.264452
1.209029
1.014244
1.613788
2.421741
2.757086
3.180041
2.819507
2.956625
2.117643
1.405148
0.893878
1.467546
0.794738
0.394486
0.976467
1.135688
1.497414
2.152023
1.042789
1.007192
1.352441
0.653000
0.510553
0.509931
0.910925
0.952804
0.623339
0.723438
0.533564
0.408416
0.339347
0.820210
0.549012
0.558754
0.266845
0.391908
0.215719
0.583675
0.914947
0.685142
0.477287
0.528804
1.103916
0.673328
0.992086
1.053333
0.753119
1.790839
2.579880
1.901933
1.264858
0.901133
1.410895
2.100503
1.314067
1.468325
1.138433
3.131848
1.557148
1.624793
1.906687
0.866187
0.909285
0.768408
0.498638
0.215440
0.354724
0.635423
0.313683
0.442958
0.579180
0.475962
0.242387
0.286449
0.718734
0.784220
0.759507
0.558307
0.156190
0.649523
1.058602
0.657971
1.310254
0.551518
0.879962
1.129403
0.671066
0.540758
0.547718
0.916093
0.680689
1.255685
1.610814
3.047429
2.900715
3.004189
1.990686
1.083595
0.763670
0.627414
1.242990
0.770017
0.975295
0.347702
1.217753
1.025279
0.992563
0.734741
0.795130
0.789931
0.791738
1.050871
2.534399
2.640051
1.684998
1.509240
1.825598
2.302845
1.406362
1.849751
1.961327
1.050845
0.970951
1.664225
0.902725
0.983850
0.758312
1.057969
0.493155
0.453777
0.789623
0.692601
1.109543
1.167405
0.638929
0.327857
0.806606
1.141508
0.387318
0.914004
0.831391
0.557969
0.906388
0.455497
0.740584
0.415811
0.734519
0.544801
1.881603
1.595336
1.381868
1.010037
0.499088
0.472368
0.747492
0.891348
0.891546
0.945992
1.069162
0.275672
0.611958
0.450966
0.524747
0.466091
0.343193
0.389128
0.367508
0.764819
0.981333
1.904738
1.071528
0.646450
0.608251
0.714755
0.541140
0.277057
0.262561
0.266772
0.898829
1.126419
0.733391
0.770203
0.619367
0.599646
0.486365
0.741420
1.166108
1.136572
0.506374
0.505980
0.775840
0.350861
0.390838
0.680959
0.619467
0.355199
0.669007
1.019664
0.574297
0.469343
1.001246
0.863298
1.369224
0.875639
0.418574
0.350339
0.332630
0.334511
0.957761
0.376990
1.452370
1.595825
1.516232
1.040034
1.915043
1.117682
0.983892
1.192239
0.754860
0.535149
0.520992
0.937696
1.250592
0.844605
0.532067
0.651553
1.646122
0.693020
0.506172
0.812040
0.887727
0.603012
0.704191
0.668282
0.503836
0.460993
0.550616
0.549347
0.587106
0.663763
0.749400
0.494966
0.287713
0.267683
0.862712
0.746654
0.585161
0.745588
0.885943
1.227484
0.513664
0.979243
1.562117
1.928439
2.389460
1.230737
1.038578
0.793486
1.208454
0.719623
0.603728
0.700040
0.770260
0.306803
0.469630
0.879181
0.468014
0.280949
0.476465
0.458020
0.902128
1.147504
0.664370
0.243436
0.210405
0.402846
1.134587
0.639250
0.869425
0.754120
0.947462
1.332213
1.801760
1.973599
1.675115
2.248687
1.161471
1.885529
1.403922
0.919483
0.913812
0.670748
0.552761
0.659770
1.348915
0.690884
0.256864
0.563951
0.658681
0.562729
0.508982
0.525621
0.892476
0.420570
0.657036
0.876809
0.464964
0.530657
0.306777
0.679712
0.957320
1.197158
0.525135
0.575391
0.370974
0.282888
0.637555
0.293103
0.251428
0.528642
1.692646
0.979116
0.759196
0.635482
0.323415
0.293540
0.283236
0.289265
0.322245
0.539190
1.162381
1.227375
1.158555
0.559589
1.717671
3.178164
2.492495
2.832552
2.850630
2.592199
2.044643
2.893144
2.832065
2.729107
2.381099
3.226375
1.964054
1.238724
0.678836
1.521669
1.693671
1.244344
0.982011
0.847534
0.593628
0.575715
0.600593
1.340004
1.341670
0.857279
0.384456
0.317303
0.456802
1.094543
0.892343
0.583930
0.507779
0.560156
0.370386
0.859821
0.580459
0.487972
0.205941
0.959785
0.913649
0.844842
0.371041
0.586448
0.810961
0.831017
0.619092
0.507981
0.260935
0.195924
0.537609
1.193635
1.532769
0.699583
0.525714
0.735434
1.488542
1.784017
1.728090
0.981375
2.375395
0.832711
0.962300
0.514636
0.639749
0.995794
0.779936
0.602305
0.678665
0.491313
0.485656
0.545291
0.733546
1.231517
1.122615
1.787531
1.265567
0.611050
0.565196
0.943077
0.614837
0.413440
0.274142
0.186521
0.369089
0.784093
0.749964
1.399066
0.906415
1.767630
1.591509
1.783171
2.144465
1.162927
1.006727
0.960783
1.557871
2.716872
3.350215
3.384448
2.573133
1.857285
1.466087
0.808796
0.286480
1.007563
0.675859
0.371761
1.142809
0.687524
0.312517
0.189273
0.219620
0.248182
0.308796
0.396909
0.611513
0.554643
0.447353
0.836497
0.636035
0.503865
1.002752
0.750256
0.872471
1.406549
1.593610
1.728425
1.413922
2.067808
1.566476
2.306155
1.557868
1.455782
1.736538
0.910676
0.441544
0.268717
0.286720
0.164080
0.580448
0.814523
0.455541
0.602587
0.601208
0.708274
0.965716
0.525700
1.260192
0.882365
0.724363
1.476353
1.204212
1.328902
1.068367
1.356493
0.976734
0.790227
1.111501
1.631729
1.636214
0.483176
0.310728
0.557308
0.307201
0.082538
0.400029
0.521315
0.343911
0.394135
0.350522
0.575258
0.596388
0.849493
1.119955
0.963154
0.827768
0.674170
0.704484
1.770467
0.598150
0.838953
1.176978
1.222357
1.200529
1.271947
1.445734
1.650403
1.094906
1.451754
0.947739
1.238949
1.376903
0.717627
0.166604
0.218166
0.353246
0.546983
0.336822
0.269610
0.513737
0.421988
0.464763
0.336296
0.206346
0.402076
0.877078
0.550710
0.551499
0.629688
0.929408
0.629617
0.378820
0.492960
0.660023
0.535646
0.414777
0.311313
0.466784
0.240743
0.458553
0.824871
0.733764
0.451912
0.560551
0.352337
0.601645
0.631155
0.943957
0.328798
0.371700
0.367457
0.575485
1.120873
0.894904
0.236047
0.843557
1.403215
0.640133
0.923458
1.609362
0.925571
0.262507
0.414550
0.594233
0.703715
0.302645
0.313640
0.481529
0.810511
1.548520
0.706456
0.528873
0.686479
1.136587
0.417392
0.691546
0.616319
0.707069
0.809653
1.497343
1.200954
1.305161
1.964670
1.901751
2.324615
2.216083
3.203979
1.822736
1.266380
1.268287
0.285417
0.242815
1.041130
0.949063
0.310857
0.535475
0.327698
0.784126
0.974783
0.363687
0.401710
0.249769
0.169270
0.430523
0.758558
0.880222
0.545528
0.356961
0.418225
0.266035
0.374399
0.692060
1.008050
1.686860
2.577852
2.586365
1.870274
2.372570
1.402794
1.651884
1.836707
1.310519
1.056899
1.144026
1.265005
1.311313
0.745280
0.858968
0.459847
0.353501
0.273198
0.578112
0.345186
0.369764
0.537162
0.833921
0.578681
0.981855
0.718247
1.143049
1.123195
0.651112
1.646000
1.763846
1.028256
1.458799
1.538323
0.992143
0.989597
1.557617
2.616741
1.075156
1.635964
0.922958
0.848800
1.117445
1.489873
1.292173
1.572835
0.983345
1.440733
1.532625
1.515831
1.209897
1.604038
1.158561
0.934351
0.688327
1.115314
0.566209
0.388244
0.702185
0.595065
0.383855
0.725912
0.496713
0.343057
0.932631
1.210044
1.084135
1.117218
0.429251
0.420304
0.226430
0.337165
1.217579
1.266542
0.596518
0.439273
0.656062
0.417426
0.517771
0.767293
0.971494
0.727392
0.992375
0.808016
1.255610
0.840881
1.007116
1.595441
1.829047
1.545230
2.117396
3.525758
2.485509
2.080560
1.848370
1.601708
1.572445
1.184191
1.103121
0.985935
1.507436
2.049047
2.011420
2.064433
1.230446
0.561108
0.546332
0.736500
0.512489
0.777155
1.030614
1.571042
1.885652
2.140424
2.492707
1.530791
0.489460
0.318808
0.609355
0.749098
1.152846
1.574890
0.844204
1.339889
0.921174
0.578824
0.210151
0.350261
0.282657
0.590278
1.000977
1.668759
2.026670
1.562564
1.948110
1.153701
2.034400
2.096890
1.561414
0.841406
0.915408
0.829421
0.453783
0.350891
0.460601
0.703019
0.556399
1.315262
0.842186
1.120003
0.598762
0.804857
0.545544
0.652805
0.199829
0.348294
0.220434
0.775754
0.714112
1.020734
1.020331
1.033197
1.750444
1.260658
1.550679
1.215103
0.550958
0.950669
0.963989
1.590694
2.543709
1.703562
0.879167
0.839121
0.683000
0.636209
0.529448
0.993901
0.509561
0.472706
1.081736
0.661366
0.884537
1.165274
0.451890
0.657479
0.773877
0.590210
0.790514
0.308421
0.693486
0.558665
0.310447
0.825347
0.455357
0.415173
0.400120
0.493612
0.274475
0.288839
1.002885
0.470685
0.479253
0.976601
0.979308
0.394048
0.504821
0.736490
0.970876
0.561347
0.749094
0.540969
0.929892
1.135833
0.960101
0.659291
0.686367
0.904135
0.404809
0.274961
0.405731
1.091330
0.409747
0.369725
0.325640
0.240984
0.311451
0.248009
0.271167
0.481750
0.523846
0.691206
0.344904
0.756108
0.291582
0.879472
0.540973
0.851446
0.599761
0.691801
0.681844
0.517567
0.991341
0.700338
0.443760
0.945463
0.384281
0.386281
0.286002
1.212553
1.368734
0.935508
0.609998
0.529071
0.507606
0.780047
0.689512
0.664375
1.229931
0.670133
0.394386
0.675320
0.359668
0.372580
0.360960
0.330220
0.440965
0.248796
0.228301
0.447253
0.315293
0.937603
0.536697
0.433590
0.268966
0.498537
0.283379
0.273275
0.451356
0.620758
0.918417
0.531958
0.290239
0.500202
0.371668
0.382763
0.526378
0.279329
0.341595
0.930675
0.515682
0.510692
1.154465
1.128564
0.409242
0.931229
0.601168
0.222084
0.373513
0.203363
0.491453
0.588261
0.340606
0.365442
0.289576
0.648343
0.812804
1.103645
1.794303
2.338171
2.625511
2.060200
2.508330
1.680837
1.435861
1.910895
1.209662
1.032427
1.571039
1.675046
0.960184
2.086471
1.785462
3.120529
1.645468
1.722026
1.408431
1.432507
0.925172
1.449170
1.770579
1.432661
0.988524
0.391190
0.647822
0.337521
0.707791
0.817635
0.928122
1.088633
0.416972
0.574206
0.470279
0.640609
0.556316
0.970688
0.813902
1.104436
0.502781
0.521321
1.310389
1.047600
1.951174
2.004565
1.449282
2.320831
3.374025
2.637648
3.457884
1.855964
1.115104
1.602252
0.880427
0.713135
1.080977
0.890457
1.509430
1.474237
1.243870
1.511456
1.829694
1.066877
1.154421
1.365032
1.557669
2.068892
3.425147
2.940756
3.366614
2.346598
2.388082
1.352611
0.909153
1.486305
1.582494
0.937284
0.874562
0.588390
0.647867
0.786682
1.236192
1.052760
1.575355
1.963749
3.482673
3.426530
5.182025
3.837482
1.885465
1.288136
1.239360
0.949333
0.923043
0.455535
0.806401
0.900391
0.906288
0.745351
1.182180
0.577466
0.790618
1.187189
1.695792
2.073544
1.184372
2.021118
2.020124
1.903045
2.382504
1.166276
1.662248
3.624590
3.447903
2.403945
2.621664
2.439590
2.367457
2.995518
2.787414
2.288732
1.052290
0.879141
0.889215
0.923609
0.558761
0.596087
0.295614
0.242999
0.417377
0.447993
1.041372
0.872568
1.213176
0.720191
0.682232
0.365976
0.479587
0.297914
0.731495
0.789902
1.121291
1.201047
0.482840
0.382103
0.849291
0.588681
0.457529
0.848476
0.655186
0.599499
0.696468
0.844618
0.582543
0.605443
0.647884
0.875545
0.830373
0.778197
1.193321
0.891138
1.318648
1.815302
1.090577
0.744354
0.741660
0.531699
0.954506
1.841055
1.055254
0.695915
0.829185
0.992383
1.488235
1.021090
0.548622
1.048953
0.628477
0.305614
0.503774
0.219789
0.503595
0.480095
1.094383
0.392570
0.607838
0.603544
1.011415
1.527785
1.810324
1.898595
1.898018
0.894085
0.758880
0.388582
0.702114
0.666506
0.435089
1.204140
0.861259
1.198974
0.713738
0.214613
0.369478
0.362577
0.332138
0.432190
0.350371
0.685051
0.752525
0.814026
0.365770
0.652236
1.401853
1.179941
0.613886
0.255593
0.512156
0.686826
0.221699
0.427314
0.715565
0.591399
0.628503
0.294483
0.780341
0.801684
0.646626
0.587347
0.932872
0.993298
1.327887
0.850691
1.929186
1.007239
0.753392
0.769612
1.836404
1.871276
3.616931
3.331281
4.446054
3.999192
2.726678
3.154274
2.189596
1.317627
2.932654
1.785968
1.263169
1.125106
1.275420
0.511810
0.643100
0.781007
0.658953
1.273788
0.561622
0.612897
0.643872
0.804233
1.086392
0.760208
1.171538
0.445034
0.612234
0.820294
1.309011
1.020648
0.829272
0.709925
0.595301
0.616068
0.439370
0.334345
0.480942
1.132951
0.988822
0.574643
0.363493
0.741154
0.521963
0.374512
0.862128
1.331839
1.307439
1.559597
1.521843
0.967617
1.372794
1.163849
1.195682
1.297296
0.981679
0.779649
0.544206
0.993537
2.062567
1.654479
1.405132
1.019979
1.956411
2.296138
2.587610
1.536817
2.138184
1.947702
1.368412
0.427155
0.317912
1.043473
0.646208
0.802002
0.400009
0.531291
0.851455
1.307759
1.160470
0.686217
0.626694
1.258239
1.215931
0.715514
1.350666
0.572109
0.785312
0.900507
0.702499
1.067582
0.677599
0.332748
0.510516
0.544376
0.351616
0.408882
0.540163
0.414982
0.952479
1.132969
1.022494
1.109905
1.204851
1.528246
1.780634
0.979983
0.415796
0.172390
0.452122
0.457030
0.590903
0.324695
0.204695
0.198190
0.569591
1.074352
1.248383
1.357184
1.225264
1.233704
1.536443
1.430518
0.952329
1.321620
2.057396
1.431685
0.806249
1.165433
1.627619
1.577743
0.646275
0.400275
0.945812
0.851614
0.407938
0.960123
0.987695
0.760311
1.046780
0.955887
1.054425
1.543067
2.048376
2.449568
2.082071
2.040456
2.220372
2.366124
2.033795
1.373824
0.750437
1.208562
1.255092
1.308353
0.938813
0.856890
1.478769
1.243352
0.836201
1.394264
1.905164
1.149134
0.764009
1.213920
1.520840
1.728944
0.327506
0.512406
0.576669
0.532105
0.609659
0.425748
0.371786
0.680956
1.042425
1.147254
1.367556
0.742325
0.370040
0.599726
0.368650
0.848023
1.363519
1.710301
0.871460
0.570692
0.563146
0.713848
0.777176
0.672892
0.847143
1.731526
1.440913
1.239518
1.690697
2.326888
2.672251
1.690761
2.499387
2.854207
3.180502
3.102943
2.587687
2.582749
1.982547
1.050909
0.957148
1.225103
1.493296
1.253062
0.769258
0.457160
0.349165
0.440689
0.704852
0.491212
0.591651
1.334556
0.460995
0.863486
0.367779
0.871287
0.683689
0.464417
0.346342
1.183887
1.814494
1.840106
2.388557
3.534740
2.156568
1.122819
0.642066
0.494720
0.399590
0.321125
0.677639
0.462946
0.631614
0.678092
0.349961
0.358209
0.326692
0.414315
0.291516
0.461601
0.682063
0.563023
0.752825
1.168806
1.156675
1.571464
1.744546
1.417772
1.389499
1.035561
1.141373
0.886611
0.761349
0.458005
0.188108
0.213567
0.206711
0.359977
0.568337
0.564254
0.845213
1.017141
0.845454
0.566640
1.298075
1.300842
0.809015
0.395621
0.592462
0.259844
0.677138
1.209125
0.614905
0.375519
0.384798
0.466608
0.479489
0.322926
0.509992
0.661953
0.569328
0.498297
0.392821
0.665229
0.895978
0.758680
2.483855
2.981093
3.757473
1.240123
0.823634
1.056227
0.606137
0.284701
0.499002
0.411352
0.738138
0.671451
0.805028
1.082202
0.568718
0.872243
0.968139
0.933830
2.183693
2.252950
1.722279
1.649965
1.060093
1.544037
2.156988
1.201422
0.814646
1.069798
0.818837
1.770434
1.557608
1.344570
1.073636
0.592188
0.659662
0.481265
0.645930
0.545058
0.432867
1.832280
1.219353
0.889668
0.608596
0.469139
0.680911
1.363789
1.624609
2.344192
1.606967
1.948909
3.369272
4.006020
2.178705
1.649914
0.861484
0.726462
0.541132
0.608124
0.596746
1.226458
1.554563
1.423401
1.031065
0.326910
0.330807
0.451162
0.427514
0.449261
0.790807
0.631764
0.992387
0.577882
0.635313
0.505145
0.258175
0.328185
0.435429
0.872948
0.564564
0.303660
0.612442
1.042918
0.855255
0.671160
0.737545
0.901990
1.005006
0.728798
1.077762
1.484934
0.910659
1.039038
1.863117
1.464511
1.006282
2.025792
2.018796
3.076737
2.743302
3.561205
3.742790
4.066375
3.955412
3.263193
3.209427
1.792144
0.874489
0.947021
0.734038
0.232649
0.264775
0.326003
0.551820
0.437217
0.576687
0.215798
0.294162
0.487162
0.391215
0.526531
0.582045
0.480297
0.583838
0.613336
0.446610
0.544518
0.553403
0.670288
0.713654
0.552258
0.491631
0.888638
1.858472
0.416389
0.952834
1.553602
1.854821
0.744857
0.974212
1.758676
0.653165
0.982091
1.110980
1.803758
1.823198
1.486777
0.504322
1.109538
0.969450
1.124623
0.877162
0.846361
0.800989
1.039950
1.204809
1.355579
0.799025
0.888867
0.443725
1.228449
0.774995
0.700676
0.475645
0.397442
0.532572
0.375704
0.284976
0.520432
0.621858
0.298312
0.179431
0.359869
0.782081
0.889190
1.302319
0.923985
1.369305
0.857367
0.759752
0.288148
0.471839
0.466509
0.953399
1.083285
1.005016
1.008725
0.425129
0.656229
0.436710
0.619529
1.001426
0.859383
0.717972
0.427591
0.259265
0.561293
0.586886
0.675006
0.434669
0.563899
1.026243
0.580986
0.461592
0.548298
1.230703
0.854710
0.918616
0.583874
1.178264
1.410773
1.378960
1.149962
1.925522
2.579584
2.507463
2.811011
3.145216
3.112143
1.430060
0.758685
0.766509
0.596933
0.364513
0.274594
0.609375
0.484979
0.346631
1.414708
1.621446
1.506393
0.582734
0.269988
0.461329
0.182713
0.178688
0.326173
0.389022
0.541959
0.411434
0.643273
0.438261
0.548303
0.987847
2.078334
1.342628
1.972914
2.470648
2.734531
1.712583
2.957176
2.093917
2.336336
2.082462
1.266616
0.833306
0.757248
0.151364
1.023187
0.978226
0.537851
1.078778
1.037311
0.960140
0.937529
1.196392
1.764897
0.853012
1.105568
1.152435
0.530399
0.800066
0.847049
0.729540
0.998536
1.416121
0.771595
0.933203
2.020949
2.088248
1.582825
1.948650
1.762452
1.196441
1.261545
1.579248
1.294226
1.798560
0.996456
0.598141
0.521844
0.774820
1.052404
0.637907
0.452928
0.422767
0.130823
0.438595
0.276479
0.466081
0.411448
0.351826
0.165059
0.306554
0.485053
0.509083
0.448578
0.326879
0.321365
0.478876
1.255735
1.020896
0.677646
1.010591
0.797189
1.022618
0.758998
0.580148
0.577070
1.283138
1.221067
1.481237
0.629722
0.987993
1.064969
0.934985
0.607890
0.306812
0.483060
0.398607
0.936407
0.278465
0.530040
0.401924
0.812580
0.613741
0.719820
2.061016
1.844305
2.811570
2.155710
1.706879
2.020081
1.384498
1.099347
1.506280
1.636262
2.199971
1.884594
2.179696
0.684717
0.622247
0.684844
0.749103
0.836938
0.969847
1.067776
1.226913
1.757976
1.288804
2.275779
0.643488
1.413547
2.157161
2.049935
3.474118
3.768082
3.042689
2.483715
1.687790
2.249853
1.938608
1.764031
1.921499
1.189583
1.042259
0.543141
0.431288
0.250101
0.224809
0.404752
1.258471
0.575395
0.414415
0.640178
1.027238
0.790328
1.382172
2.080603
2.616462
2.827007
2.938750
5.038204
5.203087
4.241898
2.934455
2.135356
1.532435
2.035168
1.350260
1.047471
0.543696
0.847963
0.532102
0.755553
1.185572
1.295050
0.592686
0.533568
0.980595
0.735727
0.408538
0.325872
0.670936
0.317398
0.178286
0.223391
0.186396
0.614341
0.372548
0.282908
0.370136
0.411041
0.506608
0.862221
0.547689
0.328528
0.618221
0.396969
0.652845
0.526986
0.464581
0.777311
0.657846
0.509180
0.506424
1.206766
1.316370
1.514490
2.175358
1.182185
0.663033
0.886829
0.425340
0.590473
0.488070
0.478735
1.020501
0.602336
0.971702
0.887835
0.664418
1.507593
2.409712
0.692760
0.945663
0.373018
0.352246
0.309911
0.306162
0.184594
0.436260
0.777070
0.463565
0.502612
0.598127
0.615867
0.772559
0.682167
0.759035
0.990196
0.822167
0.813921
0.751549
0.695784
0.877089
1.126363
1.332933
1.038504
0.849345
0.858040
1.000537
1.062865
1.279644
0.822601
0.666698
0.948184
0.833240
0.708299
0.664328
0.652740
0.414344
0.176783
0.278937
0.264237
0.285258
0.375256
0.266749
0.266313
0.670795
0.438023
0.494239
0.556241
0.876131
0.639398
0.677671
1.130822
0.728304
0.504038
0.482377
0.293782
0.780329
0.668169
0.327063
0.238671
0.721332
1.072264
1.539766
0.631430
0.569610
0.339471
0.521593
0.469585
1.015863
1.281253
1.774124
2.455203
1.018981
1.288801
1.027401
0.978780
0.861010
1.370115
1.714148
1.026841
1.646635
1.576126
1.618877
1.041467
1.275370
1.180382
1.083633
0.484862
0.296770
0.410241
0.726405
0.557595
0.800672
0.733669
1.267170
0.331048
0.250878
0.365854
0.406810
1.090479
1.140294
1.247107
0.468474
0.581326
0.175470
0.231629
0.321315
0.436784
0.287482
0.304883
0.365899
0.439417
0.340908
0.554542
0.370877
0.569369
0.329351
1.029671
0.234788
0.178921
0.434318
0.305605
0.203903
0.376195
1.017374
0.818778
0.656473
0.489026
0.927054
1.448521
1.891465
1.659155
0.304482
0.307836
0.679904
0.322819
0.330689
0.465068
0.429530
0.235169
0.572228
0.921611
0.488401
0.744818
0.732870
1.006040
1.397188
0.439571
0.373555
0.428830
1.236756
0.673022
0.359691
0.165674
0.567157
0.359979
0.293658
0.304243
0.324852
0.294273
0.358713
0.706514
1.121497
2.012944
2.556181
2.613147
3.413421
2.540197
1.674691
0.665921
0.492842
0.270541
0.581994
0.371777
0.333215
0.176016
0.969386
1.918603
1.490773
2.330323
1.738688
1.026124
0.686919
0.699421
0.716386
0.554318
0.482501
0.721260
1.767800
1.547088
1.379467
1.017571
1.123226
0.732946
0.382941
0.619070
1.077970
0.902020
0.799676
0.813197
0.611591
1.761034
1.834951
1.404582
0.402972
0.449809
1.007829
0.851996
0.450964
0.234433
0.248419
0.445712
0.586895
0.374480
0.851932
0.525411
0.815378
0.393043
0.602290
0.694794
0.631826
0.393478
0.474686
0.961391
2.004399
1.443897
0.984327
0.844203
0.414729
0.593521
0.494318
0.405355
0.654478
0.541153
0.976603
1.293118
0.991015
0.772317
0.571765
0.656605
0.568800
0.321378
0.629550
0.560640
0.860040
0.559224
0.530870
0.651532
1.214991
0.403095
0.517865
0.621986
1.217014
1.237330
1.173709
0.926270
0.833056
0.744464
0.591712
0.524190
0.334186
0.575867
0.375172
1.341554
0.354795
0.595813
1.000294
0.686333
0.627943
0.970036
1.062284
0.631748
0.675491
0.293402
0.423262
0.508651
0.400460
0.553066
0.817435
0.679265
0.553281
0.680146
0.705472
0.924584
1.295370
1.614897
0.745188
2.027888
1.135825
0.992941
0.830474
0.967380
0.905238
0.921834
0.832073
1.269005
1.589917
1.136761
0.939052
2.165246
2.154892
2.570629
1.304025
1.054961
1.424660
1.851004
2.434079
3.015385
3.410606
2.713362
2.275896
1.836094
0.743524
1.367879
1.288311
1.295945
0.979966
1.047715
1.068316
1.517255
1.307109
0.540517
0.934775
0.484592
0.385886
0.363422
0.585217
0.466689
1.209183
1.633487
1.068141
1.692940
1.502616
1.346282
1.149608
1.216757
1.201650
1.178674
1.330067
1.812019
1.859688
1.327047
0.811149
0.557635
0.571432
0.347182
0.433084
0.837032
1.094449
1.446919
1.274824
1.632089
1.739742
1.014651
0.282825
0.311737
0.379941
0.691505
0.319700
0.222256
0.320851
0.544252
0.404947
0.663936
0.749608
0.932631
0.938294
0.845895
0.651197
1.519160
0.911511
1.453379
1.460347
1.925071
1.304138
0.471722
0.683330
0.475589
0.980213
0.681944
0.684880
0.889979
0.526814
0.721882
0.467087
0.567168
0.614355
0.645986
0.578769
0.490387
0.273785
0.277701
0.342890
0.640173
1.127431
0.996330
0.675421
0.763199
1.504282
0.638821
1.246055
0.867645
0.681031
0.476797
0.998864
1.318733
0.349152
0.356042
0.415264
0.440335
0.441308
0.648816
0.837282
0.440841
0.670274
0.494078
0.311158
0.409778
0.319487
0.755681
1.213837
0.771129
0.824435
1.140605
1.770772
2.064846
2.019430
2.062381
1.290349
1.295747
2.379670
2.072945
2.890385
2.808654
2.533927
2.633809
1.516577
0.985475
0.884459
0.741599
0.312893
0.259816
0.303540
0.324579
0.167123
0.188770
0.838250
0.390046
0.425468
0.312725
0.751622
0.852910
0.211555
0.452206
0.237817
0.326006
0.572661
0.497434
1.206691
1.002124
0.780819
0.749685
0.222220
0.650230
1.407154
2.251134
3.776559
4.077292
2.984686
2.665809
1.535068
1.432513
1.315636
1.306851
1.321988
1.331952
0.986487
0.977144
1.919826
2.607520
2.411742
3.530742
2.568084
1.373663
0.578875
0.460961
0.511065
0.715950
0.901231
0.694720
0.424690
0.640389
0.472663
1.213920
1.243255
0.606181
0.480303
0.372407
0.508443
0.836631
0.658033
0.858825
1.015033
0.562230
0.227857
0.522385
0.556308
0.462139
0.561412
1.342287
1.017461
0.908217
0.979277
0.975890
1.187261
1.341429
1.895848
2.263789
2.667028
2.289620
1.895624
1.326754
1.389053
0.776326
0.425943
0.752604
0.460486
0.324554
0.729747
0.486754
0.427845
0.482278
0.472301
0.497357
1.070869
0.781113
0.944275
0.341367
0.325435
0.543233
0.848174
0.791529
0.289397
0.343718
0.172158
0.242645
0.250730
0.242011
0.449251
0.436662
0.402230
0.618402
0.798828
0.255515
0.533545
0.823346
0.850248
2.276802
2.640015
2.985329
1.845940
1.507298
1.154496
0.960139
0.866427
0.544564
0.452230
0.572500
0.565698
0.236425
0.688043
0.987404
0.521686
1.176717
0.366298
0.579361
0.930993
0.320070
0.436048
0.931582
0.548461
0.678630
0.682118
0.853951
0.421989
0.537770
1.230104
1.344314
2.250562
1.706041
0.705838
1.907828
1.835171
2.535308
3.154068
3.928971
3.945367
4.839067
3.826403
3.730206
2.469676
1.911866
2.120013
0.863427
0.688464
0.455999
0.712824
0.327406
0.695725
0.766923
0.744258
0.303065
0.652624
1.065231
0.542914
0.519735
0.481127
0.671614
0.438594
0.927608
1.331845
1.848784
1.503543
1.184892
1.568164
1.108869
0.777714
1.027754
1.116428
1.461259
1.021455
2.369423
1.835114
1.891374
1.823856
1.966367
1.539050
1.593714
0.649797
1.399551
0.966128
1.601622
1.986452
1.305510
1.607410
1.938723
2.129654
3.540674
2.801905
2.441447
2.628188
3.030745
2.058373
3.064989
2.815664
2.163892
3.036246
2.588935
3.327294
3.188043
2.328606
1.640431
0.678804
1.387912
1.654407
1.657325
2.378720
1.645528
1.242531
0.768819
0.298495
0.544673
0.557778
0.386992
0.216570
0.418099
0.195840
0.306827
0.569595
0.650924
1.242436
0.906267
0.866796
0.315507
0.969433
0.784771
1.515911
1.429480
0.548643
0.734387
0.890008
1.119593
2.358269
2.432872
2.333113
1.874949
1.785573
1.223944
0.830015
0.524173
1.216414
0.534382
0.791707
0.580606
0.995513
0.139581
0.328068
0.595761
0.850951
0.947209
0.614123
0.879946
0.938366
0.670167
0.928915
0.626961
0.592158
0.698562
0.483523
0.785415
0.751481
1.560150
1.217510
1.098110
1.709130
1.711212
1.270656
1.177297
1.185053
1.274844
1.489815
1.469032
2.651461
3.394833
4.796795
2.800477
1.815032
1.522832
0.634075
1.183037
0.617218
1.483018
1.483231
1.328539
1.032943
0.645108
0.708495
1.110349
1.120565
0.742197
0.426896
0.251969
0.359025
0.575249
0.412234
0.422296
0.453896
0.626179
0.631360
0.589554
0.790147
1.076844
0.798197
0.683154
0.682846
1.042885
1.821599
1.335001
1.565815
0.633568
0.811266
0.447802
0.834885
0.755325
0.527937
0.797643
0.870585
0.783388
1.177316
1.551176
1.004148
1.700101
1.844522
0.768484
1.312006
1.092717
1.200523
0.674350
1.529364
1.092311
1.337680
2.156007
1.724797
1.404488
1.081408
1.492293
1.601311
1.306353
0.506767
0.465625
0.803776
1.044964
0.390995
0.403861
0.324871
0.781409
0.248633
0.826977
0.539082
1.019263
1.274991
1.042744
1.023352
1.427317
1.240627
1.925379
1.441685
1.257421
1.571367
2.491469
2.830242
3.870690
2.547134
1.743558
1.360487
1.010826
1.412336
1.245467
1.359148
1.604987
1.775072
0.869052
0.506167
0.716499
1.082658
0.733307
0.590611
0.562721
0.876905
0.825995
1.756273
1.758267
2.087578
1.411015
1.267560
1.057736
0.429050
0.396236
0.308503
0.297010
1.155317
0.861998
1.524791
2.583113
1.906243
0.683874
0.965250
0.737844
0.470821
0.772023
0.284321
0.816016
1.738664
1.472607
1.541497
1.399184
1.142828
1.340945
0.851093
1.560539
1.041073
0.972952
0.874210
0.442826
0.682573
0.622635
0.606032
0.771819
0.655995
1.034178
0.393846
0.300788
0.507820
0.347886
0.602847
0.449106
0.416257
0.424891
0.538902
0.359283
0.468668
0.921124
0.418018
1.041949
0.618998
0.644209
0.887584
1.686686
1.399741
1.863602
1.382127
2.896049
3.298542
3.472485
2.274326
1.051956
1.582707
2.001382
2.166549
1.996860
1.972452
1.867686
1.383517
1.187202
0.681213
0.626609
1.372643
1.528721
1.228299
1.437820
1.620224
2.229119
1.795728
0.792607
0.402655
0.386453
0.704135
0.403698
0.733054
1.023603
1.181312
1.481317
1.624587
0.741627
1.000814
1.128209
0.983009
1.567522
1.706254
2.126912
3.017805
2.813885
4.047013
3.659849
3.287032
2.668355
1.690421
3.287565
4.051814
2.245131
2.718508
1.362640
1.155364
0.588169
0.736897
1.389530
1.289637
1.289646
1.696375
0.625030
0.438974
0.386090
0.767694
0.617664
0.732066
0.590512
0.989646
0.568974
0.970497
0.643942
1.295803
1.264696
0.835543
0.592603
0.683156
0.559951
0.379509
0.323654
0.480363
0.502316
0.703861
0.882919
0.706279
0.449408
0.378903
0.399767
0.641846
0.356239
0.279918
0.254878
0.285320
0.382261
0.325146
0.404599
0.201377
0.350820
0.869938
0.786047
1.222128
0.994051
1.719725
1.492787
0.755317
1.185748
1.003668
0.975399
1.181514
0.805045
1.802704
1.883705
2.301438
2.621088
3.482921
1.808319
1.388752
0.914322
0.476397
1.163882
1.531617
1.187140
0.475688
0.524041
0.762308
0.335080
0.478640
0.632206
0.453512
0.398460
0.259294
0.614260
1.114682
3.021912
4.295560
5.767203
4.677108
7.206205
4.783170
3.873552
3.126374
2.318504
2.453849
2.531358
1.763569
1.937257
1.544578
0.976359
1.383013
0.984677
0.995597
0.939179
0.714793
0.352195
0.866607
0.612802
0.636949
0.698107
1.108687
2.290094
2.624399
1.654872
0.980565
1.758361
0.986210
0.955891
0.787247
1.715607
1.115519
1.916993
0.641137
1.244927
1.545995
1.716752
1.594236
1.366116
1.704349
1.128646
0.581913
0.331284
0.329673
0.808510
1.188100
0.895392
0.283248
0.282282
0.244740
0.264131
0.584743
0.934483
0.749797
0.254154
0.189104
0.278154
0.196991
0.558591
0.581282
0.695762
0.726258
0.785691
0.500548
0.337006
0.352960
0.859044
0.625613
0.520115
1.266914
1.108584
0.656012
0.390678
0.342275
0.371969
0.548412
1.187863
1.253538
0.673858
0.774622
0.344827
0.592223
0.536499
0.408338
0.582099
0.522968
0.903906
1.072141
1.172942
1.391032
1.265954
0.579729
0.370500
0.812136
1.409482
1.719310
1.613118
0.856158
1.220785
0.585226
0.560407
0.613322
1.029081
1.433969
1.342906
1.383189
1.152038
0.873639
0.983221
0.754880
0.623065
1.766382
1.400696
1.707990
0.823459
0.977588
1.027343
0.783194
1.141556
1.049219
1.245346
1.510485
1.620194
1.664685
1.078753
2.600307
2.815166
3.721499
3.610396
3.833140
1.759369
1.589682
1.448987
0.799719
0.745706
0.435193
0.719240
0.347445
0.500718
0.464689
0.334038
0.287730
0.242480
0.338899
0.313376
0.536555
0.399506
0.687544
0.626618
0.708145
0.756441
0.465283
1.770235
1.163198
0.789525
0.785135
0.312231
0.442931
1.433527
1.615247
1.246297
2.147108
1.208594
0.951707
0.878419
0.627970
0.886391
0.325339
0.685148
0.513323
0.465475
0.258070
0.513170
0.216039
0.798819
0.958480
0.958574
1.173069
0.657797
0.394837
0.321960
0.508824
0.550429
0.808154
0.670300
0.740487
2.252533
1.554546
1.322133
0.885461
0.469584
1.082695
0.487899
0.540470
0.877292
0.717648
1.048773
1.046839
0.142943
0.324429
0.242974
0.350757
0.235903
0.428831
0.434898
0.407558
0.373550
0.651753
0.529418
0.417219
0.297198
0.939630
0.765791
1.046751
0.508132
1.472467
0.849768
0.579223
0.668436
0.564988
0.426587
0.280131
1.008653
1.407223
1.033232
1.972598
2.764437
1.170489
0.612857
0.917177
0.796042
1.753967
1.007589
0.714433
0.864829
1.596079
1.939078
2.009260
0.783927
0.967139
0.609712
1.407893
1.565451
1.200647
0.486417
0.337312
0.410260
0.197467
0.426606
0.485240
0.597764
0.347594
0.411955
0.546076
0.626590
0.790858
0.953696
0.757834
0.773501
0.655628
0.670529
0.690486
0.946429
0.553794
0.918783
2.052255
0.957920
0.887877
0.586208
0.689921
0.506029
0.784067
1.520796
1.911246
1.520034
1.273795
0.811485
0.781418
0.696229
0.718174
0.765081
1.133993
1.613483
1.134261
0.813760
0.519703
0.287631
0.791702
0.458832
0.707411
0.837452
0.513706
1.290687
0.535349
0.911491
1.057989
1.659077
1.257095
1.529294
2.780625
2.253876
1.795488
1.131849
1.120348
1.034991
1.005756
1.029276
0.620610
0.623605
1.111270
1.300979
0.733550
0.432698
0.507257
1.089244
1.098619
0.980997
0.692554
0.521082
0.227499
0.217605
0.572110
0.564032
0.545860
0.901329
0.801108
0.619137
0.957818
0.476005
0.552983
1.123342
0.475481
0.295731
0.488060
0.440785
0.629473
0.380690
0.416480
1.344790
2.555076
1.187729
0.937840
1.115633
1.131571
1.451460
0.912897
0.940827
1.168392
1.702112
1.524322
1.192409
1.257747
1.545357
0.672479
0.688413
0.878103
0.563778
0.376733
0.800286
0.675549
0.884964
0.526368
0.529513
0.383907
0.558751
0.577698
0.303534
0.356887
0.620257
1.051139
0.432899
0.572811
1.104750
2.032075
1.606963
1.686850
1.393176
1.283500
1.884703
1.979190
1.712698
1.962492
2.172981
2.811509
1.577321
2.144842
2.273547
2.150222
1.949589
2.542099
2.296363
1.398289
1.036647
1.186489
1.380697
1.356501
0.536535
0.700084
1.106923
0.977871
1.515710
2.082389
1.772400
1.601157
0.629474
1.818077
1.330967
1.125258
0.706222
1.041989
0.941119
0.940614
0.901964
0.866795
0.497388
0.943498
0.584521
0.444653
0.475806
0.352056
0.518352
0.683898
0.244096
0.423203
0.730898
0.814120
1.428650
1.285840
1.125050
0.914963
1.303318
2.226944
2.226370
2.025528
2.162160
1.066541
0.966957
0.232372
0.336884
0.335462
0.487788
0.603118
0.806587
0.518081
0.536639
0.250058
0.443888
0.288388
0.844941
0.434439
0.599185
1.000984
0.764802
0.937948
0.520377
0.424207
0.728504
1.650544
1.642291
1.921254
1.096899
1.620364
1.452886
1.065184
1.096124
1.319113
1.210706
0.691434
0.498398
0.495376
0.724567
0.820461
0.750529
0.814403
1.003907
0.928281
1.076029
0.553491
0.754310
0.505623
0.488179
1.079299
1.662992
1.313624
1.629093
0.745954
0.637096
0.287023
0.314609
0.564209
0.614849
0.416450
0.632763
0.705254
0.531512
0.643254
0.434926
0.445303
0.758573
0.725334
0.586293
0.640400
0.659677
0.423710
0.170409
0.217263
0.351782
0.408145
0.759270
0.723759
0.578728
0.996331
1.164664
0.598643
0.473426
0.497731
0.537411
0.500138
0.253102
0.883625
0.985202
0.824601
0.631859
0.443026
1.074559
1.365426
1.491452
2.236826
1.097403
1.404875
2.234485
1.731655
1.654595
1.816556
1.754825
1.018622
1.160426
0.872362
1.782208
1.219306
0.495046
0.631486
0.492801
0.439606
0.623187
1.254372
2.004723
0.659003
0.927686
0.596847
0.723106
0.301148
0.447284
0.614440
0.506600
0.768414
0.551306
0.179966
0.245943
0.519766
0.289591
0.231727
0.670609
0.940248
0.457653
0.590174
0.390872
0.383996
0.393560
0.376029
0.762468
0.728591
0.595594
0.190527
0.313055
0.775396
0.718765
0.146628
0.291195
0.261101
0.443525
0.301782
0.730757
0.809324
1.468867
1.979014
2.736313
6.088535
4.719955
4.247499
3.659142
2.240616
1.878836
1.715742
1.778889
1.785997
1.489383
1.071559
1.046826
0.752721
0.541068
0.574524
0.414713
0.616721
1.418540
0.427752
0.835917
0.761058
0.413642
0.765328
0.958553
0.985180
1.329152
1.279464
0.535358
0.433129
0.808602
0.342111
0.816655
1.076148
0.856587
1.485742
0.935903
0.526816
0.338078
0.386451
0.627361
0.300069
0.441051
0.860636
1.086565
0.487272
0.532865
0.581833
0.823602
0.345265
0.926219
0.560399
0.966487
1.410597
1.777218
1.967003
1.829668
0.982892
0.948453
2.176099
1.832039
2.005012
1.785337
2.719508
2.174618
1.169608
1.054947
1.176182
1.683343
1.716541
1.161642
1.196713
1.047826
1.419810
1.434113
1.845161
2.714297
2.617846
1.377447
0.624673
0.969096
0.751817
0.911505
0.936617
0.823188
0.464907
0.425074
0.497537
0.417300
0.463524
0.262559
0.883701
0.726222
1.003611
0.759064
0.861020
1.093000
0.681085
0.378536
0.223329
0.796337
0.757279
0.474437
0.574729
0.289430
0.355727
0.673640
0.882006
0.668566
1.232642
2.801244
2.026073
2.800269
1.553902
1.297080
1.519252
1.953024
0.942971
0.707692
0.517544
0.664640
1.861254
1.530681
1.374675
1.390136
2.206113
1.100120
0.610421
0.763566
0.703123
0.501129
0.600731
0.481398
0.530997
0.528970
0.395576
0.510390
0.676077
0.994087
1.187982
1.273590
1.785855
0.776146
2.515223
0.963906
0.525968
0.673870
0.847269
0.881121
0.426072
0.437028
0.572521
0.550922
0.955020
1.554369
0.742484
0.534657
0.433609
1.061733
0.440601
0.593743
0.499419
0.485268
0.613845
0.714748
0.332175
0.432861
0.256858
0.520315
0.457105
0.582957
1.378200
1.497043
1.253613
1.696964
1.100418
0.997474
0.896239
0.464767
0.862321
1.174507
0.939459
0.616471
0.870918
1.296105
0.412371
0.401840
0.435318
0.358639
0.380394
0.686992
1.031184
1.163617
2.203894
1.297538
1.065032
0.508325
0.999010
1.229798
0.954489
0.332652
0.401052
0.484582
1.017788
0.564436
0.325038
0.300827
0.284062
0.318991
0.397379
0.352378
0.826376
0.959962
0.764055
1.005786
0.676593
0.825335
0.196931
0.797606
0.532230
0.925906
0.729411
1.195140
0.567135
0.658141
1.283319
1.888236
1.213996
0.979823
1.334827
1.516852
1.215609
1.169821
0.679290
0.914746
0.346340
0.442653
0.333207
0.782036
0.411089
0.873472
0.795136
0.508612
0.447438
0.869700
0.327967
0.264067
0.715526
0.745387
1.125288
0.790564
0.786538
0.524603
0.407649
0.610680
0.556101
0.488137
0.465274
0.730399
1.051412
1.136534
1.659851
1.430704
1.909219
1.757148
1.295099
1.292743
1.079389
0.750163
1.167162
1.375938
1.226054
1.265891
0.189609
0.242090
0.622332
0.818840
1.881524
1.057014
0.428267
0.236735
1.162176
1.175368
0.500344
0.869704
0.674465
1.018327
0.489840
1.441177
1.858514
1.626418
2.009951
1.076758
1.098856
1.034333
1.115584
0.439096
0.306921
0.298656
0.356008
0.334873
0.358786
0.211162
0.219259
0.313748
0.660383
0.363903
0.371878
1.124243
1.700921
1.505913
1.302218
1.472561
1.021796
0.564724
0.390994
0.534739
0.386594
0.335113
0.531620
0.778923
0.939922
0.516057
0.566724
0.298658
0.258534
0.372482
0.188597
0.490616
0.592550
1.214073
0.346004
0.397553
0.679505
1.346906
0.965400
0.732498
0.614257
0.834479
1.028929
1.918712
1.220965
1.778192
1.033625
1.460956
0.577680
0.588202
0.541988
0.348427
0.447597
0.380968
0.556908
0.401032
0.972952
1.110335
0.476760
1.076578
0.574563
0.222198
0.163300
0.386377
0.436757
0.652292
0.927541
1.248115
1.776402
0.847601
0.806413
0.567701
0.680627
0.534526
0.964862
0.696635
0.659733
0.533090
0.211756
0.722944
1.528156
1.417039
1.076409
0.709466
0.454807
0.698873
0.813296
0.607666
0.617745
0.593667
0.527775
0.523002
0.652770
0.367847
0.343674
0.676512
0.488165
0.285869
0.427792
0.378392
0.400692
0.325428
0.420039
0.198098
0.626026
0.576071
0.362385
0.357681
0.780465
0.649022
0.828237
1.012703
1.082446
1.776605
1.174183
0.796914
0.858740
0.887808
0.439928
1.074395
1.216660
2.951975
1.574018
1.198111
1.169093
0.891721
0.495581
0.468970
0.178350
0.687337
0.950087
0.717876
0.658692
0.547612
0.713824
0.587326
0.390450
1.872109
1.483269
2.099482
1.231450
0.769925
1.049185
0.808903
0.616993
0.647269
0.476233
0.561046
0.402295
0.822759
0.478508
0.587021
0.526470
0.648464
0.802909
0.477854
1.454033
0.813222
1.219246
1.492555
2.532706
1.972152
1.846157
1.301616
1.329443
1.114330
0.462184
0.372086
0.532243
0.598142
0.959084
0.640446
0.985730
0.726813
0.554143
0.618017
0.459000
0.557090
0.570802
0.471084
0.854100
0.444899
0.385031
0.420364
0.328431
0.751920
0.825572
0.430844
0.492201
0.436509
0.539153
0.695400
0.913318
1.875170
1.315611
1.004338
1.145415
1.163317
1.278081
0.369247
0.303925
0.482200
1.007125
0.658869
0.770376
0.600489
0.569729
0.697451
1.480705
0.691723
0.322865
0.384410
0.570225
1.525847
2.737678
2.400113
5.478280
5.394536
6.417329
4.250726
2.873753
3.282134
3.851667
2.906673
3.883920
3.914369
4.242499
3.542679
2.690722
3.050732
2.469136
2.014459
1.244963
0.986589
2.302257
1.831885
0.506658
0.434470
1.223537
0.757268
0.876048
0.681302
0.645653
0.530234
0.306238
0.789254
0.581587
0.816332
0.266170
0.523031
0.260066
0.225233
0.824343
0.593972
0.594544
0.807809
0.719035
0.736808
1.958920
1.695014
1.575331
1.304357
0.519811
0.263797
0.475532
0.690474
0.306230
1.065044
0.727984
0.568951
1.144414
2.400148
1.733661
1.122632
0.569259
0.588861
0.475571
0.601423
0.487627
1.042988
0.788946
0.720504
0.838158
0.946475
0.693944
0.690129
0.338237
0.287369
0.710376
2.102572
1.554645
0.969215
1.206678
0.569254
1.604853
1.851461
0.884840
0.831388
0.426983
0.216590
0.938941
0.333312
0.502434
0.920383
0.500019
0.542711
0.250661
0.419416
0.352603
0.652878
1.397059
0.418993
0.483070
0.611050
0.462570
0.234055
0.430946
0.456001
0.273892
0.917938
0.933076
0.689314
0.679333
0.865773
0.596063
0.568986
0.611264
1.140215
2.858818
2.385819
1.382412
2.274379
2.803591
3.185254
3.364236
3.977128
3.099835
3.985556
3.528695
3.844370
4.892620
3.343131
3.053226
4.101989
3.225514
1.213763
2.014370
1.493261
1.209212
1.125201
1.245101
1.202804
1.360713
2.345001
1.564494
3.405505
2.711832
1.416259
0.943684
0.965977
0.415621
0.629442
1.032922
1.019144
1.015055
0.579847
0.646237
1.157986
0.796429
1.141075
0.935494
0.595926
0.499948
0.548500
0.968341
1.148195
2.199987
0.860900
1.345683
1.020177
1.368034
1.367337
0.205498
0.412487
0.707807
0.810858
0.526697
0.930640
0.930873
0.677416
0.876719
0.598035
0.690588
0.566914
0.739028
0.476737
1.299939
1.516452
1.046198
1.122465
1.098457
2.293833
2.499230
1.731813
0.883580
1.023689
0.829175
0.967777
0.939332
0.987203
1.887225
2.006260
0.850517
1.047668
1.381504
2.128067
2.245639
2.638340
1.213011
2.008974
2.053772
2.980751
2.785555
1.691104
2.702850
2.007653
1.237033
1.379094
2.219304
2.703703
3.180448
1.477994
2.316165
2.636195
1.686503
2.522609
2.262259
2.560803
2.881703
1.891630
1.525216
1.944316
1.358055
0.688925
1.060617
1.483502
1.671711
0.801174
0.930332
0.540566
0.290313
0.713709
0.600451
1.034470
0.882696
0.873884
0.806432
0.518886
0.818116
0.860993
0.646666
0.344825
0.345193
0.345291
0.531889
0.300380
0.222169
0.484492
0.879677
0.340046
0.501184
1.203466
0.930281
1.487938
1.534150
2.492948
2.177944
2.873787
2.843617
2.963372
3.444260
3.232727
2.918074
2.252311
1.264580
0.914205
0.956697
0.572247
1.568702
1.573971
1.573033
2.276227
1.864759
1.776635
1.411128
2.284233
1.171046
0.867624
1.091655
0.808295
1.602034
1.298612
1.001327
1.383041
0.647441
0.447960
0.343084
0.539594
0.573573
0.652027
0.269950
0.733126
1.043426
0.424041
0.507217
0.541957
0.735273
0.723812
1.409808
0.781020
0.866481
0.542592
1.181681
1.099424
0.631797
0.901573
0.762290
0.382645
0.437227
0.649730
0.364214
0.357807
0.345887
0.459028
0.761513
0.544944
1.192963
1.142415
1.339693
0.545317
0.655804
0.275570
0.374076
1.249549
0.742539
0.436684
0.385928
0.354927
0.552744
0.494715
1.037797
0.865817
0.748070
0.980682
1.065648
1.502759
1.503010
1.161995
2.269784
2.625781
2.318732
1.856316
1.770951
1.033013
2.002379
1.674108
1.389644
1.683407
1.250355
1.317539
0.751884
0.989388
0.671005
0.532578
0.520552
0.833265
0.739498
1.067219
0.656973
0.699982
0.411542
1.746932
2.573560
1.725716
1.671985
2.503064
1.922089
2.054288
2.704491
2.666820
3.339339
1.574108
0.932401
0.673594
0.745774
1.594726
0.247076
0.449211
0.457081
0.802124
0.394880
0.478523
0.146803
0.237167
0.416168
0.332506
0.484749
0.558215
0.674631
0.592583
0.695289
1.119058
0.927377
0.552792
0.356665
0.749352
0.485312
0.556273
0.303732
0.926332
0.878920
0.434271
0.658023
0.458597
0.477475
0.483326
0.917562
0.676607
0.910682
0.442245
0.212423
0.304707
0.618897
0.526333
0.840551
0.628867
0.903381
0.778659
1.028813
1.113956
0.848347
0.992089
0.891615
1.082182
1.506029
0.939359
0.627248
0.438357
0.454827
0.667833
0.414795
0.497044
0.681944
0.562790
0.417032
0.388354
0.310059
0.488635
0.492899
0.601733
0.507520
0.464487
0.442721
0.564160
1.218410
0.341798
0.731526
0.978834
1.312481
0.603628
0.558133
0.775101
1.450097
1.244214
0.777214
0.892948
0.537259
1.968007
1.389435
1.406501
1.099822
0.592557
1.018693
0.589812
0.572153
0.552984
0.355015
0.317425
0.361900
0.358985
0.370244
0.416930
0.493776
0.577606
0.532956
0.328531
1.012086
1.069183
1.251600
0.839170
1.023991
0.915587
0.949656
0.749489
1.297598
1.038363
0.638300
0.672741
0.308791
0.438626
0.293451
0.522189
0.506555
0.860504
0.888348
1.081266
2.449393
1.431726
1.877928
1.680079
0.759328
0.736802
0.589813
0.343062
0.768098
1.116137
0.349091
0.446081
0.448083
0.487239
0.166706
0.528057
1.143841
1.260975
0.918819
1.444981
1.541638
2.175824
2.692822
2.457716
1.546781
1.864630
1.805265
1.275403
1.098642
0.710147
0.725888
0.624979
0.783969
0.750972
0.678538
0.542553
0.787642
0.685129
0.364473
0.475893
0.371218
0.612884
0.763725
1.527275
2.009743
0.844366
0.962858
0.839423
0.581214
0.341832
0.193812
0.216544
0.458205
0.593311
1.150552
0.697401
0.836907
0.734653
0.878735
1.283176
1.651510
1.315138
0.583022
0.492344
0.528964
0.650631
0.842869
0.759238
0.742605
0.713496
0.286944
0.320447
0.349973
0.433059
0.320248
0.284200
0.250073
0.524894
0.553247
0.984717
1.688664
1.074087
0.976702
0.820222
0.751156
0.910661
0.888775
0.835246
1.023591
0.517676
0.664337
1.249106
0.934377
0.504336
0.811942
1.054156
1.416930
2.939019
1.517774
1.162515
1.234899
1.487848
0.796802
1.007706
1.738949
1.055286
1.053945
1.176267
2.356309
2.411537
2.744521
1.250899
1.058182
1.197501
1.530772
2.215041
1.898095
1.854940
0.539464
1.065419
0.801720
0.511540
0.546645
0.369202
0.513389
0.481457
0.990651
1.070700
0.490035
0.374061
0.342296
0.719567
0.875438
0.673629
0.707083
0.758410
1.737721
1.033136
1.053086
1.206346
0.710113
0.977394
1.451776
1.134380
0.856301
0.799381
0.447818
0.585363
0.673239
0.373127
0.246029
0.427419
0.418811
0.275491
0.380283
0.535815
0.502170
0.719086
0.687808
0.869397
1.558921
1.080108
0.985601
0.643739
1.100805
0.491938
0.527951
0.430135
0.871849
0.219826
0.278068
1.155747
0.750950
0.691051
0.543295
0.489284
0.648250
1.231810
0.543421
1.032261
0.816560
0.979662
0.343360
0.307776
0.476571
0.418044
0.725822
0.771607
0.664784
0.859306
1.381331
1.455259
1.888059
1.242014
1.246310
1.056185
2.671002
3.321487
1.934993
1.521718
2.018736
1.105128
0.906194
0.919576
0.983940
0.415335
0.311371
0.157778
0.287997
0.583958
0.632618
0.397001
0.531368
0.786771
0.423571
0.327899
0.552966
0.952861
1.223090
1.197828
1.077692
1.278246
0.707206
0.418420
0.265608
0.631333
0.515680
0.263536
0.503631
0.249715
0.286680
0.629934
1.303805
1.403745
1.145949
0.574277
0.890835
0.766588
1.632397
1.829541
1.807770
1.227324
0.914648
0.544177
0.955288
0.780647
0.515979
0.389446
0.271633
0.500345
0.363608
0.279296
0.426538
0.553420
0.695140
0.754154
1.302467
1.001032
0.830062
1.304213
1.033461
1.177558
0.887784
1.561821
1.522273
1.052910
0.797096
0.791514
0.241820
0.294427
0.175379
0.189237
0.207820
0.503839
0.398777
0.637153
0.837352
0.497908
0.591976
0.575523
0.558642
0.503191
0.318223
0.501315
0.774929
0.603941
0.175961
0.470722
0.463303
0.415994
0.266838
0.485081
0.595600
0.610480
0.795623
1.297012
1.516320
1.766225
1.169369
1.099602
0.846925
1.282898
1.115097
0.609387
0.754780
0.340067
0.272153
0.391082
0.411648
0.316103
0.473154
1.186036
1.141526
0.595556
0.334517
0.643963
0.937356
1.702165
3.159400
2.224075
2.925517
2.652261
2.729685
3.337309
3.374570
3.165689
3.025801
1.663269
0.701065
0.444633
0.515854
0.670213
0.971164
0.984815
0.944564
0.610130
0.387267
0.345954
1.049713
0.831044
1.390276
0.820652
0.510308
0.666391
1.196273
0.804627
0.513443
0.662875
0.721284
1.340382
0.526699
0.761990
0.290594
0.398005
0.168023
0.340995
0.236260
0.414045
1.263685
1.045634
0.641120
0.266970
0.908046
1.282026
1.026995
0.800233
0.407832
0.573931
0.400630
0.890851
0.433597
0.522766
0.762723
0.733090
1.235982
1.400327
0.410324
0.830523
0.318564
0.579286
0.644389
0.343756
0.437058
0.757870
0.999482
1.062360
1.209047
1.402606
1.444955
0.609192
1.405883
1.600500
1.421066
0.865745
1.710333
1.252516
0.853384
0.921804
1.035909
0.867454
1.565118
1.296804
1.209673
1.611155
1.251567
0.923160
1.711656
1.593885
1.249837
1.078228
0.668520
0.406195
0.527650
0.311138
0.209766
0.397595
0.427341
0.753184
1.306559
1.345213
0.878444
0.583961
0.729851
0.948259
1.557967
1.000937
1.742756
1.077243
0.881983
0.542534
0.786355
0.533665
0.591553
0.386392
0.589346
0.467516
0.384850
0.787064
0.247895
0.513239
0.559446
0.517202
1.119565
0.498461
0.296490
0.228956
0.482827
1.209594
1.293659
1.761617
2.173683
2.819774
4.489798
4.411320
3.935513
5.108946
5.768659
5.206384
5.554177
4.881434
5.020013
5.205143
4.664534
2.539673
2.230210
2.125104
2.823142
3.243060
2.385816
2.432939
0.812558
0.830059
0.623311
0.561038
0.888350
0.825020
0.842307
0.390579
0.324302
0.353605
0.801051
2.345869
0.880827
0.331978
0.740379
0.516640
0.868072
0.994629
0.734311
1.038167
1.542551
0.701222
1.496761
1.618430
1.262504
0.298758
0.677431
0.989410
0.436057
0.281981
0.431968
0.559765
0.345023
0.691929
0.407959
0.654382
0.636675
0.668866
0.717250
2.258997
2.382442
1.788090
1.427733
1.081685
1.616977
1.478892
2.576161
2.512703
1.447305
1.271995
1.337554
0.368926
0.714474
1.705632
0.839886
1.266371
0.915401
1.049666
1.100210
1.202503
2.018726
2.615323
3.746854
3.509790
1.933701
2.146920
0.777693
0.438393
0.686274
0.440719
0.196124
0.205673
0.629351
1.042772
1.405910
0.801316
0.721415
0.482084
0.341521
0.231438
0.551702
0.142595
0.218726
0.442544
0.468261
0.679211
0.716312
0.372437
0.626871
0.536563
0.364598
0.721366
0.527636
0.714931
0.508493
0.476943
0.378650
0.728608
0.508147
1.173147
1.743965
0.999264
0.901772
1.306731
1.003217
1.026878
1.355792
1.203909
1.494003
1.455092
1.049136
1.104031
1.580663
2.501954
2.195087
1.950389
1.040023
0.570638
0.502949
0.494051
0.745047
1.267631
1.418652
1.483331
1.363966
1.383149
1.303674
1.087323
0.988617
0.975199
0.685871
0.967107
0.909042
0.552505
0.300656
0.508541
0.929692
0.865380
0.406888
0.830216
0.887551
0.628086
0.604218
1.009409
0.570342
0.789349
0.429255
0.617318
0.719100
0.496374
0.804881
0.878621
1.437987
0.929603
1.147000
0.697459
0.717956
1.110945
0.902369
1.597819
0.777943
0.831899
0.413607
0.192857
0.284408
0.265892
0.399695
1.081974
0.833270
0.310774
0.425853
0.475319
0.745782
1.014210
1.409654
2.040130
3.205447
4.339926
3.422956
1.712195
0.965077
1.190260
0.545338
0.552123
0.721202
0.744215
0.363269
0.398632
0.670136
0.784566
0.273060
0.490498
0.798234
0.716065
0.516928
0.478602
0.677043
0.497451
0.322392
0.458681
0.244780
0.395338
0.386929
0.739033
0.744712
0.969697
0.396607
0.467696
0.310573
0.504936
0.390789
0.296305
1.103840
0.651957
0.496054
0.668628
0.734531
1.604801
0.892044
0.603577
0.549193
0.668520
0.531316
0.675797
1.025864
0.890653
0.729430
1.092762
0.937472
0.908272
1.147101
0.680421
0.753511
2.116900
1.497179
0.850828
0.860905
0.687979
0.361217
0.613739
0.432880
0.653004
1.308080
1.295918
0.807387
1.043403
1.147931
0.830547
0.815402
1.086147
0.457510
0.594405
0.641031
0.522125
0.939810
1.741304
1.211695
1.338592
0.432173
0.689504
0.854710
0.975336
0.717185
0.815222
1.431955
0.974196
1.540062
1.339242
0.985509
1.154674
1.269932
1.346055
1.038674
1.008602
1.385188
1.862043
1.784298
1.827901
2.734125
1.776259
1.403262
1.453467
2.172955
2.532402
2.750168
3.005681
2.348026
1.499570
1.079070
0.625071
0.850430
1.099556
2.304806
2.168717
2.554780
3.197068
4.092929
3.706312
1.838286
2.361158
1.189340
1.210256
0.984766
0.414439
0.402557
0.709880
0.691619
0.482639
1.717457
0.427466
0.341952
0.490713
0.917235
0.397639
0.365506
0.783043
0.485694
0.786534
0.891403
0.841579
0.833781
0.600344
0.632261
0.704311
0.390391
0.354453
0.227883
0.395430
0.494918
0.950948
0.614953
0.295016
0.512655
0.643290
0.773618
1.386028
1.088795
0.700276
0.667006
0.557387
0.960569
0.457611
1.330132
0.497432
0.387759
0.514085
0.370228
0.263534
0.231496
0.441018
1.020667
0.658270
0.390236
0.305393
0.323044
0.257904
0.423356
0.377028
0.623079
0.951938
0.676135
0.731103
0.275550
0.330951
0.765572
0.954083
1.451810
0.570926
0.242576
0.318822
0.699860
0.319215
1.351637
1.535522
1.637284
1.570807
1.144264
2.089459
1.064016
1.012399
0.646603
0.824063
0.438988
1.094142
0.451173
0.419578
0.410914
0.691020
0.506161
0.806041
0.807428
0.445233
0.518533
0.283171
0.239059
0.491966
0.454900
0.801263
0.480823
0.254958
0.226927
0.228960
0.398462
0.209274
0.317763
0.482636
1.127908
0.893225
0.792877
0.558536
0.732145
0.403928
0.342703
0.773380
1.143864
0.221733
0.260046
0.202928
0.508601
0.774568
1.280769
1.298528
1.036599
1.597235
0.694655
1.121264
1.447144
1.031237
0.981077
0.765405
0.647033
0.977132
1.339129
0.727148
1.504398
3.047560
2.535276
1.922689
1.667761
1.946934
2.367711
2.681905
2.134757
2.182467
1.331449
1.639024
0.512791
0.394144
0.757907
0.384573
0.172963
0.412120
0.804107
0.540558
0.367051
0.444938
0.645274
0.894974
1.063011
1.268789
0.458869
0.458301
0.280943
0.501180
0.513179
0.549986
0.542478
0.414602
0.403577
1.134824
1.286690
0.496640
0.374008
0.471926
0.914269
1.262374
0.793857
0.838006
0.894824
0.839057
2.278388
1.173011
0.970705
0.389772
0.543181
1.072665
1.460952
1.852308
2.051017
1.504966
0.942564
1.622633
1.478218
0.992569
1.366743
0.923757
0.638110
0.383325
0.250026
0.697992
1.228057
0.775474
1.017896
0.713307
1.007824
0.777818
1.078895
0.537844
1.157198
0.677230
1.528802
0.622540
2.178499
1.249390
1.474885
1.506792
1.655419
3.117720
1.827330
1.570135
1.788039
1.645635
1.085412
0.591471
0.956133
0.852265
0.918417
1.133072
0.866114
0.403612
0.374481
0.636746
0.500624
0.269004
0.165306
0.745971
0.700848
0.363647
0.729127
0.467621
0.524041
0.689897
0.371936
0.917053
0.710595
0.961181
1.128454
1.475382
1.690037
1.708763
1.519621
1.976490
1.493718
1.138513
0.920814
0.700245
0.936669
0.677506
0.888324
0.716714
1.606430
1.423445
2.269280
1.694319
1.526411
1.607205
1.698789
3.099964
3.080948
3.725377
3.147251
2.881804
2.153233
2.224175
1.865933
1.524942
2.170418
2.704129
3.113735
2.871574
3.448576
3.887316
5.209476
4.389321
3.979628
3.433902
2.657566
2.468376
2.644346
4.759082
5.845491
4.651855
6.129006
5.758977
6.893556
5.749226
5.635042
7.078496
6.630523
6.234113
6.517631
6.178180
4.985363
4.585989
2.782348
3.854952
2.651568
2.566907
4.607113
4.980679
2.711078
1.778723
2.054469
2.527567
2.460808
2.263303
2.576696
1.910782
2.249155
1.644224
2.170803
1.417026
0.600178
0.898536
0.699969
0.377919
0.613575
0.569165
0.485798
0.898344
1.890654
1.183494
1.460028
1.977193
0.853064
1.203045
0.596090
0.752304
1.338993
0.922714
0.828443
1.338783
0.532592
0.790505
0.546259
0.462954
0.281279
0.566697
0.743370
0.473401
0.817894
0.699171
1.162925
0.629665
1.211196
1.885253
1.565622
1.936460
0.816034
0.513573
0.481514
0.353350
0.566634
0.412005
0.675753
0.894463
0.901805
0.655213
0.717527
0.923576
1.063204
0.316148
0.255166
0.185320
0.201892
0.572400
0.289828
0.303485
0.294738
0.389560
0.896843
0.650709
0.346527
0.860226
0.845157
1.196313
0.504626
0.753446
0.534621
0.561159
0.570977
0.222412
0.422667
0.800634
0.578019
0.887687
0.586363
0.600092
0.390858
0.350509
0.120759
0.573114
0.418074
0.408547
0.681129
0.602855
0.321745
0.540180
0.707828
0.502231
0.725586
1.157017
0.900058
0.647285
0.704139
1.104277
1.101864
1.150944
0.805843
0.812594
0.805233
1.382452
0.832850
0.926146
1.202270
0.641637
1.120342
0.621059
1.367207
1.604149
1.055101
0.672246
0.992982
0.801178
0.941183
1.043711
1.060861
0.521506
1.264984
0.837346
0.509286
0.667024
0.913394
0.466052
0.591828
0.375460
0.529217
0.764662
1.043434
0.524440
0.372909
0.325885
0.407316
0.416113
0.954062
0.500739
0.577862
0.482009
0.419155
0.853275
0.727545
0.993917
1.014714
1.143236
0.911289
0.891568
0.545387
0.466354
0.717884
0.650182
0.497091
0.552702
1.011374
0.354045
0.248355
0.489112
0.540947
0.520156
0.337726
0.277361
0.598692
0.436573
0.624699
0.428369
0.436658
0.550135
0.549595
0.506906
0.435055
0.439726
0.696199
0.375113
0.335262
1.150858
0.848182
0.462136
0.686622
0.541245
0.772819
0.943937
0.965287
0.381052
0.323925
0.710798
1.790053
1.629005
1.743019
1.171981
1.282547
0.476910
0.313936
0.449082
1.181866
1.252794
1.276845
1.666648
1.326714
0.513376
0.509237
0.819283
0.615323
0.615752
0.597026
1.252729
0.716192
0.439576
0.903186
1.109782
1.291555
1.000884
1.393156
0.883588
1.109775
1.130988
1.582417
1.287871
0.584505
1.241340
1.273831
0.921853
1.222572
0.567830
0.376525
1.594008
0.662100
0.426720
0.617908
0.159611
0.350547
0.645620
0.612330
0.354506
0.269844
0.524440
0.421009
0.526217
0.393234
0.240104
0.566822
0.947148
0.837024
0.330666
0.332145
0.783820
0.479760
0.246095
0.201726
0.545517
0.539645
1.276004
1.466279
0.934692
1.005651
0.496826
0.412367
0.837180
1.037665
1.048435
1.352670
1.583041
1.680263
1.273125
1.217784
0.811561
1.213207
1.009756
0.353738
0.674740
0.716661
0.499065
0.660216
0.439174
0.883727
0.651255
0.435872
0.689408
0.618988
0.980060
1.533277
0.894950
0.673875
0.482142
0.418072
0.797297
0.509317
1.324041
2.031018
1.892155
1.949560
1.117617
0.541080
0.824070
0.871188
0.651688
0.860497
2.750774
2.194815
1.415670
1.661738
2.135542
2.717619
2.323307
1.904318
1.869052
2.486538
1.691492
1.910326
0.912519
0.966529
1.062650
0.860467
0.762123
0.687936
0.323486
0.483086
0.655739
0.454780
1.102394
1.153434
1.429611
0.426536
0.227450
0.414964
0.213074
0.256096
1.148740
0.881425
1.461298
2.048421
2.101578
2.329964
1.630654
2.023341
1.746097
0.941102
0.816387
1.764503
0.940409
0.479618
0.948503
0.674202
0.629392
0.421239
0.504044
1.060485
0.783906
0.671620
0.551617
0.451432
0.276420
0.556823
0.584155
0.423123
0.530450
0.503840
0.429061
0.402469
0.699013
1.264701
0.763541
0.486870
0.746127
0.795394
0.523001
0.353600
0.516384
0.514922
0.470447
0.727066
1.018316
0.472944
0.389006
0.639486
0.485927
0.328113
0.942233
0.228387
0.412274
0.647002
0.349253
0.775327
0.367135
0.378612
0.495000
0.765067
0.844562
0.871490
0.795031
0.652042
0.615448
0.653088
0.508555
0.334930
0.219025
0.841465
0.932458
0.213505
0.332776
0.549399
0.762366
0.383408
0.239555
0.393782
0.392168
0.451261
0.370353
0.916274
0.436684
0.818480
0.842584
0.562885
1.479549
0.818097
0.741771
0.658535
0.509718
0.456855
0.604490
0.825528
0.527858
0.259159
0.200409
0.804165
0.709166
0.446117
0.364771
0.292368
0.391661
0.481590
0.265754
0.711952
1.022742
1.128132
1.094986
0.975235
1.010678
0.718697
2.023215
2.705092
3.166450
2.889650
1.715941
1.516782
1.897692
0.965287
0.740861
0.416524
0.710541
0.877794
0.892180
1.097113
1.257944
0.943019
0.852447
1.139658
0.235409
0.294843
0.425261
0.309458
0.458583
0.659816
0.768165
0.565107
0.711852
0.479218
0.312879
0.745899
0.257638
0.673985
0.686946
0.752123
0.883675
0.975483
1.310529
0.966015
0.665076
0.833943
0.793081
1.254417
1.842993
1.411148
0.967651
0.490066
0.422445
1.038818
1.267813
1.344592
1.026640
1.063234
1.298030
1.667689
1.630632
2.888275
3.074453
2.043286
2.320134
3.124621
2.931235
2.551884
1.678664
1.660346
2.107163
2.978229
2.700844
2.141262
2.265132
2.145105
1.790377
2.058976
2.223801
1.706082
1.058873
0.724167
0.399869
0.271029
0.350204
0.391721
0.614746
0.690860
0.881494
0.490880
1.108099
1.535976
2.008532
2.533606
1.843968
1.153108
1.131280
0.782128
1.536023
0.968327
1.442593
1.112851
0.918861
0.613946
0.206317
0.269798
0.291785
0.542722
0.705644
2.022849
1.897204
1.022778
1.229862
0.451747
0.611412
0.745183
0.890052
1.151138
1.147574
1.159817
0.879603
0.640714
0.405373
0.468612
0.531860
0.406701
0.552498
0.379446
1.066505
1.381904
1.000174
0.432911
0.388941
0.951401
1.019098
1.040253
1.566186
0.670812
0.951621
1.351620
1.796792
1.779186
1.833223
0.614172
0.616822
0.374164
0.832357
1.274933
1.447021
1.008814
0.346112
0.657950
0.380286
0.418671
0.580357
0.332928
0.463035
0.893021
0.878498
1.380863
2.329087
1.838742
1.996630
1.265678
0.773799
0.653998
1.042416
0.585350
0.717076
0.462036
0.296202
0.458693
0.633742
0.346119
0.516282
0.632566
0.431903
0.801896
0.974646
0.893211
1.248775
0.682018
0.592680
0.582615
1.392922
1.054437
0.384133
0.490797
0.600527
0.370073
0.629440
0.953650
1.286500
1.107402
0.857706
0.699496
1.112745
0.931907
0.860386
0.949879
0.765059
1.542196
2.104142
1.494675
0.999102
0.560610
0.432916
0.942755
1.475406
0.460480
1.252969
1.186886
0.474473
0.670351
1.089370
1.031891
1.156937
1.237825
1.533582
0.515475
1.185856
0.743198
0.410752
0.575619
0.854179
0.728225
1.490923
0.323518
0.424883
0.425569
0.681136
0.326648
0.325363
0.564150
0.401765
0.834349
1.209707
1.179216
0.839075
0.656630
0.366175
0.169775
0.459077
0.551678
0.475446
1.811868
1.706853
1.567877
1.027216
0.722205
1.606826
1.572368
2.069369
3.745840
2.979827
3.711696
3.793778
2.243777
2.192081
3.160513
3.956472
3.329034
2.869848
3.119204
2.117132
1.961704
2.023141
2.252239
1.576932
2.288311
2.478342
1.905579
1.819017
2.125475
1.896645
2.252425
2.207197
2.197679
0.526933
0.646841
0.730400
0.811579
0.783972
0.394611
0.565868
0.379628
0.666975
1.050102
1.072470
0.856841
1.794436
1.392298
1.326429
0.846559
0.724626
1.109126
1.046196
1.239561
1.917615
1.717224
1.455882
1.213435
0.930474
1.821926
0.492526
0.944629
1.516365
1.753347
0.758293
0.811870
0.910876
0.707653
0.509107
0.801714
1.027116
1.642230
1.272279
1.067919
0.954124
0.395692
0.591178
0.350157
0.260445
0.283521
0.529626
1.348605
0.388619
0.504366
0.367803
0.566370
0.578478
0.588593
0.286325
0.794254
0.718184
0.461996
0.665759
0.606649
1.029257
0.534713
0.454987
0.845079
1.506623
1.398429
1.304346
1.197388
0.909699
1.104659
1.801668
2.019182
1.992598
1.331543
0.391930
0.389157
0.763401
1.267615
0.370963
0.709651
1.177529
1.740499
1.193236
1.015621
0.623990
0.471210
0.588374
0.422217
0.570678
0.752954
0.235397
0.615282
0.297714
0.808791
0.749387
1.381485
1.285130
1.165140
1.766994
1.329650
1.142344
0.845987
0.243055
0.636146
1.427764
1.939565
0.597805
1.088482
0.979711
0.832823
0.830503
0.872555
0.839475
1.899720
1.031776
0.847447
0.524139
0.504199
0.812311
0.838570
0.795023
0.644326
0.631642
0.863831
0.705239
0.539450
0.313958
0.603474
0.573324
0.683855
1.055730
1.006610
1.155286
1.566941
1.053986
1.379749
0.769482
1.455594
1.515880
0.861811
0.698585
0.254914
0.388674
0.437423
0.459725
0.803646
1.711872
1.648689
1.047035
0.630545
0.748166
0.810505
0.448335
0.539774
0.546214
0.516867
0.679965
0.848209
0.300123
0.509914
0.982434
0.592844
1.337729
1.251177
0.553094
0.326587
0.607123
0.379152
0.412639
0.372948
0.525495
1.073600
1.233599
0.780312
1.302714
1.084643
1.460573
1.732302
2.913905
1.218872
1.237700
1.378768
0.706880
1.183709
1.028456
0.770780
0.821512
0.246489
0.564834
0.586890
0.324294
0.444881
1.062268
0.551138
0.743280
0.682553
1.210163
1.033282
1.127830
0.748936
0.253856
0.263521
0.361939
0.191011
0.399610
0.402946
0.636369
1.006396
0.732309
0.576819
1.459173
0.866388
2.104184
2.484746
2.825049
3.107070
2.438973
1.389601
0.974149
1.405721
1.996571
1.707990
1.740373
1.216272
2.397522
2.260645
3.019616
4.944884
5.817417
5.022724
5.386508
5.410951
4.449850
5.215932
3.662621
3.546751
2.397027
2.463424
1.497951
1.996176
3.304956
2.980812
3.020152
2.613843
3.648547
1.616434
1.813230
2.281868
2.683491
2.175036
1.744216
1.171003
0.774767
0.711897
1.770645
2.398730
1.511477
1.634863
1.576014
1.060103
1.776309
1.458450
0.618115
0.307214
0.220063
0.327478
0.237725
0.616050
0.871311
0.934648
0.588711
0.693902
0.468690
0.434825
1.027404
0.943502
0.657446
0.511264
0.166891
0.252067
0.480359
0.599158
0.233842
0.512988
0.323342
0.637898
0.814835
0.489203
0.592512
0.559549
0.809221
0.408213
0.521389
0.468350
0.788459
0.402322
0.391150
0.563601
1.128584
1.434891
1.191740
0.682313
0.570145
0.880683
0.866786
0.547618
0.584388
1.113831
0.651274
1.211191
0.563323
0.460175
0.333947
0.375081
0.601496
0.254794
0.464859
0.318668
0.737830
1.035427
0.783048
0.403735
0.749855
1.023910
0.592185
0.429077
0.759418
0.375387
0.344757
0.332359
1.314914
1.490727
1.454336
0.548737
0.829003
0.536605
0.762142
0.731025
0.388363
0.181235
0.260972
0.659218
0.230951
0.370391
0.655302
0.955598
0.790996
0.477424
0.546072
0.431562
0.505763
0.361421
0.623432
1.525193
0.848592
0.759998
0.891472
0.912153
0.870913
0.458788
0.345285
0.297582
0.640261
0.692083
1.152342
0.924720
1.000377
0.783885
1.185083
0.385707
0.590814
0.953711
0.626592
0.367057
0.767335
0.337490
0.373040
0.756296
1.090684
0.979100
0.786540
0.717474
1.232616
1.064579
1.239697
1.125268
0.656544
0.543125
0.622927
0.423846
1.053018
0.859305
0.342865
0.801277
1.837544
2.039223
3.270395
3.014153
1.684432
1.839125
2.751661
1.804201
2.010917
2.297948
2.187775
2.413593
1.535535
1.109477
0.373411
0.616972
0.712763
0.741179
1.213854
0.301116
1.100040
0.227785
0.497561
0.252445
0.183818
0.350957
0.669855
0.855191
0.622602
0.237747
0.416171
0.427527
0.471761
0.353948
0.469113
0.563694
0.555277
0.720483
0.716061
0.631386
0.465852
1.034297
1.796615
2.328591
1.367591
0.841939
0.465117
0.539734
0.664318
0.852029
0.418160
0.548074
1.216747
1.055641
0.373184
1.329617
0.509286
0.973214
0.797851
0.818223
1.343274
0.994389
1.040801
0.354637
0.254685
0.527479
0.786969
0.657082
0.987713
0.692610
1.065316
2.126101
1.748357
1.340872
1.714324
0.985734
0.912086
0.530395
0.276525
0.580658
0.453397
0.730697
0.491959
0.441802
0.319238
0.135673
0.474892
0.972975
1.810689
0.721465
0.522107
0.975305
1.322739
1.377645
1.345898
0.677401
1.218532
0.947270
0.424317
0.254576
0.752287
0.365502
0.330883
0.753966
0.357055
1.049959
1.022930
0.996238
0.853897
1.353692
0.520988
0.687612
1.042703
0.984944
1.185514
0.638237
0.825825
1.466658
0.436064
0.718643
0.548748
0.506907
0.725620
1.033354
0.947086
0.948961
1.002539
0.799538
0.264979
0.513254
0.514882
0.383035
0.305540
0.483700
0.198622
0.322702
0.329127
0.296531
0.488197
0.735318
0.940341
0.786501
1.547034
1.164316
0.557487
0.855821
0.409934
0.980127
0.364527
0.470096
0.861298
0.848438
0.845610
0.794053
1.730333
0.928627
0.419481
0.580463
0.864009
0.838620
1.168669
1.928765
0.954910
0.401465
0.704329
0.721082
0.659870
1.263508
1.322251
1.301907
0.412335
0.252182
0.740573
0.411614
0.807683
1.307402
0.410693
0.519894
0.359326
0.700457
0.494084
0.884380
1.446731
1.547978
1.329789
0.587336
0.372072
0.328308
0.594299
0.269049
0.648359
0.712102
0.573130
0.440782
0.270105
0.685184
1.080582
1.799316
1.696651
0.832309
0.647502
0.599394
0.374327
0.563085
0.958565
0.860546
0.414633
0.237030
0.230753
0.424846
0.475766
0.696866
0.756835
0.544047
0.272624
0.752877
0.343918
0.454523
0.835001
1.109878
1.285201
1.255452
0.391941
0.445505
0.312676
0.333641
0.176546
0.344975
0.385558
0.494304
0.835015
0.946713
0.766780
0.444213
0.267102
0.433840
0.612386
0.959990
0.993225
0.768572
0.613611
0.865756
0.661665
0.435926
0.148061
0.300762
0.426010
0.381026
0.487395
0.815636
0.809805
0.740245
0.805744
0.467951
0.350950
0.693979
0.863570
0.410410
0.751384
0.683364
0.314449
0.288952
0.261929
0.842750
0.847528
0.388718
0.411211
0.274794
0.403020
0.181599
0.255344
0.387832
0.298316
0.375127
0.436474
0.565898
0.857128
0.402480
0.775501
1.132801
1.282213
0.751430
1.084799
1.015221
0.417884
1.087763
1.370920
0.860531
0.791861
0.558105
0.590115
0.423347
0.812538
0.976562
0.496435
0.349214
0.445281
0.514603
1.008573
1.174172
1.706715
1.380719
0.547112
1.373724
0.740345
0.796631
0.507309
1.218393
0.969857
0.892949
0.332235
0.420321
0.234577
0.478138
0.581375
0.511373
0.510297
0.982253
0.460617
0.557584
0.429648
0.670289
1.146228
0.767309
0.963227
0.323685
0.704733
1.153863
1.332334
1.580549
0.927408
0.935859
0.706356
0.967978
1.291895
2.171421
1.914706
2.728213
1.981792
2.338148
1.413218
1.615390
2.731780
2.448415
2.075140
2.725872
3.136919
1.231587
1.594168
1.753281
1.374612
0.861217
1.877245
1.667483
1.171033
0.991188
0.650929
0.416290
0.374142
0.706816
0.555608
0.532924
0.898960
0.733523
0.536896
0.132532
0.120787
0.449722
0.612743
0.444655
0.406953
0.678851
1.102440
1.055826
1.672076
1.557146
1.756973
2.010080
2.277556
2.953352
2.173358
2.258873
1.038358
0.970096
0.769716
0.339131
0.884699
0.972411
1.235004
0.981960
1.149109
1.188910
0.629914
0.321706
1.146665
1.024975
1.502575
0.924630
1.132781
1.218580
1.784284
2.272453
0.860698
0.858119
0.459210
0.897089
0.732231
0.719851
1.338190
1.013983
2.329477
1.789020
0.685134
0.918689
0.807803
0.689118
0.473874
1.275299
0.908786
1.198453
1.338434
1.678286
1.944508
1.474995
2.406721
1.604232
2.618215
2.502641
1.768641
1.122326
1.164845
2.154109
3.111244
2.123172
1.676740
1.475948
1.257190
0.898971
0.469684
0.594893
1.047062
0.732855
0.425276
1.096858
0.650636
0.387544
0.595594
0.411648
0.925515
0.649885
1.071288
0.616972
1.090800
1.033460
0.776113
0.892519
0.517339
0.290081
0.381904
0.415694
0.529119
0.762648
0.723942
0.866485
1.137467
0.567942
0.562055
0.520499
0.387174
0.332260
0.311769
0.319887
1.082304
0.804347
1.156699
0.929869
0.382010
0.861938
1.131145
0.569865
0.660528
0.788968
0.927615
1.044432
0.929327
0.728354
0.508484
0.380636
0.404859
0.330154
0.445508
0.606319
0.690526
0.926438
1.281001
1.941143
2.079145
2.508379
2.317765
1.669407
1.950126
2.510058
2.983389
2.018687
1.854887
0.776386
0.990744
0.628483
0.904093
1.217063
1.807393
0.865575
1.570932
1.812572
2.707858
2.870548
2.152241
2.868061
1.731668
0.779192
0.591778
0.374552
0.560415
0.367899
0.582980
0.349644
0.677742
1.259416
1.202541
0.705465
0.572498
0.562197
1.055461
1.558593
1.789187
1.798590
2.770108
2.982185
2.606195
2.330375
2.121030
1.597806
1.648925
1.979307
1.980146
1.323826
2.720335
3.297644
4.222491
2.648991
4.261845
3.374736
2.896957
1.290494
1.099214
0.928313
1.610831
1.720047
0.994517
0.836510
0.834041
0.890850
1.177066
1.092041
2.254127
1.750419
2.113742
1.715557
2.115709
0.695669
0.949467
0.540587
0.906225
1.112124
0.427374
1.350844
1.222564
0.897767
1.115452
1.175881
2.006414
2.376034
1.618822
1.885458
1.683625
1.951731
0.906183
0.868358
0.668726
0.621264
0.330884
0.199468
0.690999
0.672791
0.571070
0.363287
0.758094
0.945087
0.448437
0.433987
0.376135
0.702729
0.416613
0.457212
0.503029
0.695276
1.228820
2.042103
1.419794
1.855520
0.349347
0.255215
0.306031
0.316454
0.458505
0.552008
1.631106
0.796198
1.136635
0.669494
0.903878
0.581617
0.619008
0.442885
0.575127
0.795391
0.693504
0.587330
0.778712
0.909779
1.709661
1.829389
1.529385
1.408173
1.117052
0.723820
0.897180
0.683956
0.912766
0.535870
0.443799
0.263145
0.405462
0.390383
0.448160
0.273098
0.784587
0.461211
0.159373
0.257424
0.189765
0.321378
0.329226
0.803085
0.887728
0.733115
0.756927
1.351572
2.458974
3.742923
3.997863
2.969404
3.738840
1.668170
0.887446
0.506388
0.444524
0.550898
0.639798
0.498731
1.104411
0.650602
0.547759
0.440652
0.308875
0.276875
0.190701
1.022131
0.453246
0.217056
0.424410
0.739439
0.623656
0.555150
1.208289
0.347061
0.451634
0.361127
0.360473
0.426383
0.670631
0.695966
0.905109
0.224079
0.237306
0.243240
0.412342
0.643313
0.506414
0.401948
0.379326
0.443250
0.532373
0.645492
0.885412
0.742642
1.688674
2.239121
1.676792
1.598856
1.633799
0.937908
1.222108
0.698000
1.030298
0.218466
0.324074
0.522094
0.528746
1.403843
0.811210
0.903634
0.993996
1.634392
1.979318
1.173926
0.884138
1.557730
1.297055
0.462998
0.286126
0.473396
0.407617
0.477340
0.367515
0.980236
0.678969
0.752716
0.836222
1.619344
1.378002
1.133352
1.627929
1.870187
2.902309
1.421131
1.133388
1.504062
1.327108
0.951236
0.979497
1.274751
0.957921
0.874794
1.135286
1.323049
1.478140
1.785784
0.828662
0.585051
0.640944
0.321001
0.231389
0.333317
0.371853
0.423330
0.322804
0.356307
0.395910
0.613655
0.723783
0.751274
0.511730
0.196843
0.355302
0.446263
0.298637
0.906837
0.675558
0.875423
0.664419
0.837900
0.293830
0.713614
1.098922
0.702225
0.726108
1.271729
0.846765
2.059212
1.611596
2.195595
1.713581
0.906254
0.814359
1.021047
0.738867
1.901223
0.958066
0.518908
0.955659
1.265211
1.263411
0.427076
0.708647
0.624305
1.025183
1.813103
2.217416
2.933329
2.561774
2.783019
1.962125
1.742177
1.941315
2.064573
3.426810
2.120251
1.911290
1.515809
0.922223
0.997389
1.939023
0.587148
0.672671
0.470939
1.454513
1.033339
1.134522
0.534624
1.055113
0.584810
0.535398
0.632354
0.947337
1.160195
1.631366
2.120837
3.083106
0.930499
0.505571
1.515600
1.194390
0.951667
1.182343
1.369006
1.768414
1.718099
0.970267
0.775833
0.755071
0.145102
0.269241
1.197770
0.505970
0.317866
0.270740
0.490281
0.262327
0.305639
0.622025
1.071392
0.486455
0.275050
0.373683
0.464096
0.346413
0.406665
0.451833
0.616657
0.740087
0.713585
1.081816
1.172814
2.199377
2.025855
1.424436
1.149840
2.983228
2.811447
2.914000
1.165204
1.146413
0.292812
0.695308
0.275610
0.618032
0.467708
0.147405
0.492225
0.383165
0.818318
1.278058
1.068477
0.500959
0.593509
0.668035
0.697426
0.728986
0.318373
0.471177
0.565524
0.266078
0.372727
0.540882
0.878941
1.780261
2.078831
2.264980
1.301103
1.016623
1.671614
2.450490
1.770225
2.045548
1.952588
2.380048
1.821509
1.414254
1.105919
1.954003
1.956857
1.206932
1.018004
1.053785
1.121858
1.101550
1.006402
1.067765
1.121231
1.000961
1.204533
1.200702
2.108545
1.953908
2.085795
1.618463
1.477976
1.987974
2.074859
1.573770
0.281608
0.256500
0.144192
0.381275
0.439187
0.958847
1.232802
1.253342
2.208952
2.596889
3.252299
2.545812
2.533742
1.879246
1.841743
2.217774
1.104729
1.045808
0.851983
0.612912
0.996292
2.182186
2.818482
2.712699
2.286311
2.600452
2.282264
1.610308
2.008134
1.955618
1.194165
1.517251
1.679954
0.741044
1.230132
2.560940
2.937726
2.747390
2.428111
1.138266
0.704711
0.694100
0.583587
0.364693
0.485052
0.522470
0.818692
0.534793
0.783429
0.616389
0.318700
0.497192
1.000908
0.525541
0.598682
0.379949
1.391458
0.503895
0.804058
0.637129
0.429555
0.282143
0.451052
0.441239
0.693111
0.821533
1.314489
1.190142
0.439317
0.243851
0.363381
0.650599
0.352284
0.879747
0.600469
0.626632
0.369870
0.768916
0.630269
0.522710
0.372458
0.885306
1.039058
2.168015
1.703560
1.736016
1.784003
1.649333
1.172003
0.992133
0.559362
0.876603
1.294982
0.765067
0.527288
0.442967
0.689075
0.613088
0.313378
0.595532
0.639711
0.307368
0.201989
0.419797
0.577041
0.420688
0.221078
0.393626
0.720471
2.306436
1.229756
0.259382
0.789587
1.419270
1.890613
1.635540
1.204723
1.012044
0.924071
1.552217
2.034864
1.338078
0.582979
0.403153
0.617636
0.420473
0.199611
0.409927
0.253609
1.136582
0.882604
0.576866
0.533277
0.408070
0.229127
0.493456
0.688201
0.484036
0.635564
0.472772
0.908350
0.886137
1.054699
0.355444
0.894084
0.931925
0.951557
0.712213
0.460273
0.894044
0.604668
0.419262
1.566857
0.620564
0.412016
0.730588
0.437640
0.888078
0.492062
0.341642
0.415234
0.465020
0.347946
0.273256
0.565101
0.379956
0.655738
0.460355
0.387958
1.076550
0.468505
0.643930
0.547572
0.258306
0.342506
0.436543
0.414138
0.575547
0.473348
0.476892
0.355209
0.658597
0.843518
1.032372
0.706188
0.338473
0.281596
0.428398
0.753806
1.760707
1.012837
0.749531
0.460785
0.680163
0.899795
0.511905
0.710563
0.762882
0.459947
0.524276
0.772278
0.685348
0.486869
0.515692
0.233529
0.570452
0.571852
0.288023
0.338268
0.538760
0.993697
0.853269
0.543554
0.521970
0.602730
0.780059
0.962227
0.797494
0.694437
1.496981
1.527595
1.041610
1.851699
1.122316
1.266040
0.834138
1.045507
1.486564
1.639090
1.324741
1.231880
1.601406
1.674831
0.752575
0.756673
0.362546
0.497504
0.579282
0.809932
0.459663
1.002806
0.813724
0.601745
0.265094
0.318898
0.580674
0.762830
0.506587
0.326039
0.466655
0.892951
0.930911
0.326565
0.620499
1.188396
0.718790
0.694821
0.683152
1.330199
1.325368
1.071475
1.615478
1.907251
1.573472
0.914463
1.592335
1.268868
2.042229
1.586168
1.745282
1.172610
0.773956
1.298846
1.496789
1.664976
0.498160
0.677256
0.821526
0.575324
0.625411
0.573499
0.324598
0.321970
0.975796
1.052700
1.051462
1.774472
1.148387
1.487705
2.714283
2.283507
1.908372
1.395179
1.375537
0.938035
1.134635
1.341277
0.739165
0.817054
0.789902
0.975227
0.654735
0.310455
0.389944
0.327085
0.407780
0.496070
0.329517
0.626859
0.399642
0.427910
0.501024
0.509205
0.905091
0.560229
0.422475
0.427171
0.305270
0.471051
0.422426
0.350170
0.384381
0.347333
0.459727
0.296965
0.985430
1.110638
0.772894
0.921085
0.647636
0.276660
0.629151
0.721141
0.559259
0.794229
0.342696
0.208698
0.431139
0.418557
0.446733
0.270477
0.245853
0.396198
0.701820
0.438284
0.188562
0.228267
0.348351
0.342120
0.480504
0.206588
0.389992
0.360567
0.318980
0.672072
0.375255
0.380716
0.656487
0.530954
0.275416
0.182953
0.356332
0.753987
0.488543
0.585860
0.182370
0.389033
0.715822
0.773250
0.408216
0.455376
0.376602
0.582297
1.126853
1.386717
1.133388
0.596774
0.776773
1.654804
1.307398
0.825873
0.722758
0.179930
0.449094
0.494412
0.283875
0.212589
0.438606
0.270151
0.546682
0.582397
0.261056
0.680451
1.115501
0.689549
0.500540
0.363505
0.324498
0.529686
0.424902
0.383516
0.338917
0.418356
0.577498
0.333840
0.739138
1.231412
0.753187
0.294301
0.400920
0.486574
0.463821
0.438655
0.300231
0.312556
0.419837
0.536548
0.168778
0.564987
0.391441
0.614062
0.615181
0.920147
0.436035
0.304423
0.253198
0.630377
0.997424
0.817964
0.737641
0.901392
0.873745
0.897146
0.692796
1.160134
1.630891
0.918283
1.794808
1.873625
1.085302
0.855572
0.790168
0.497950
0.169730
0.412470
0.237690
0.241546
0.634362
1.200009
1.470095
0.414937
0.575540
0.384176
0.515464
0.562433
0.237881
0.444862
0.241550
0.727612
0.631841
0.264508
0.367762
0.204989
0.520166
0.242808
0.467452
0.190436
0.621674
0.740070
1.210539
0.618967
0.630265
0.334879
1.352668
1.797837
3.176842
1.322834
1.655862
0.573941
0.199033
0.289309
0.286583
0.225458
0.353073
0.840597
0.712739
1.321128
1.462684
0.686366
0.564747
0.561469
0.886483
0.599579
1.035495
0.761473
1.442043
0.846440
0.559060
0.826400
0.772002
0.421516
0.359163
0.684791
0.498191
0.438231
0.404976
0.135040
0.351935
0.613684
1.210246
0.782862
0.571082
0.648590
0.685566
0.882945
0.875597
0.768645
0.581310
0.930295
0.532489
0.282569
0.324439
0.405320
0.403467
0.425276
0.652924
1.498914
0.517865
0.339503
0.561691
0.574809
0.597992
0.858409
0.603500
0.388236
0.463501
0.608047
0.508997
0.918135
0.394076
0.561027
0.551997
0.363169
0.549083
0.638484
0.620946
0.559910
0.842936
1.024193
0.654788
0.789422
0.890627
0.714189
0.852393
1.094383
1.555750
1.271136
1.904666
1.389022
0.306606
0.509508
0.370877
0.349102
0.305645
0.404276
0.712254
0.842821
0.769889
0.853555
1.028521
1.301979
1.128327
0.741647
0.872668
0.625637
0.833213
1.229864
0.914477
0.518736
0.777426
0.259769
0.310730
0.740073
0.733084
0.530197
0.650706
1.178231
0.269726
0.264584
0.329475
0.566715
0.289538
0.454835
0.941022
1.246479
0.381127
0.226815
0.277059
0.552136
0.570751
0.614864
0.598661
0.987750
1.354492
1.003457
1.676879
0.837903
0.967440
0.860810
0.553321
0.985594
0.203024
0.206364
0.295703
0.189932
0.242925
0.249938
0.523905
0.506856
0.269435
0.921367
0.906863
0.573149
1.028359
1.266515
3.796885
4.095545
5.039479
3.228963
3.378663
2.471455
2.874280
2.368238
2.649867
1.227189
1.310831
1.291901
0.858966
1.369369
0.479524
0.167478
0.335263
0.540817
1.069361
0.414222
0.347182
0.365431
0.298862
0.296700
0.559817
0.722215
0.832046
1.312346
2.125711
1.719833
0.625779
0.562361
0.555707
0.589405
0.684990
0.324847
0.265164
0.269081
0.475805
0.665114
0.463653
0.355026
1.127316
1.066630
0.765626
0.448773
0.274553
0.731978
0.708421
0.277972
0.360342
0.666466
0.418359
0.524058
0.492295
0.448155
0.267752
0.243250
0.387800
0.260786
0.642188
0.691905
0.510427
0.845245
0.917338
0.640390
0.591045
0.968655
0.698881
0.649691
1.775875
0.681924
0.546733
0.940809
1.001651
1.592479
2.268561
0.439037
0.770767
0.674685
0.673067
0.940729
0.374495
0.749221
1.757365
1.236138
0.818026
1.056441
0.565676
0.526658
0.580200
0.459913
0.345980
0.302377
0.589028
0.538513
0.564010
0.472188
0.651086
0.899653
0.433657
1.379141
1.979724
1.973645
1.995422
0.981819
0.674550
0.389232
0.510234
0.441582
0.581361
1.192615
0.626410
0.629246
0.528273
0.348136
0.896169
0.291861
0.303725
0.772494
1.312869
1.258886
1.162001
1.441315
2.033036
1.759512
0.748502
0.503899
0.542648
0.902944
1.028877
1.063015
0.589563
0.797206
1.447614
1.323214
0.660708
0.671319
0.960634
0.550285
1.160030
0.669246
1.614308
1.864399
1.171828
0.727164
0.765532
0.981175
0.620842
1.225063
0.985208
1.058416
1.502504
2.531621
1.177692
1.116246
1.159432
0.478732
0.393060
0.959608
0.655839
0.606711
0.671507
0.503245
1.051960
0.958150
1.587666
1.330721
1.208975
1.275609
1.510551
1.018611
1.038960
0.597235
0.434713
0.623587
0.322907
0.416951
0.682950
0.541081
0.536896
0.557548
0.490897
0.504697
1.090165
0.682239
0.286184
0.676118
0.964060
0.756142
0.371131
0.761034
0.634265
0.216373
0.610697
0.937398
0.464597
0.585071
0.379884
0.541622
0.591676
0.784630
1.173051
1.353826
1.877488
1.282299
0.566886
0.788437
1.038516
0.938595
0.808821
0.540632
0.364452
0.900484
0.534524
0.477042
0.603976
0.671063
0.816119
0.828972
0.943052
1.594907
0.711347
0.648764
0.372231
0.404419
0.474948
1.642014
0.696305
0.458079
0.882669
0.584652
0.384474
0.451837
0.544216
0.678386
0.666281
0.858956
0.558384
0.621545
0.485857
0.662322
1.089403
0.737705
0.664556
0.612271
0.426470
