TIC
10195089
102068384
104866616
106352250
108155949
110178537
11023038
112099249
11270200
11439959
115010361
11755687
119262291
119605900
120042828
120042965
120103486
120106432
120251654
120252007
120314731
120315006
120315151
120425617
120496423
120499135
120571308
120572779
120573482
120578889
120627712
120686458
120691237
120692095
120762000
120762990
120763491
120764338
120768052
120819731
120821730
120825510
120825566
120892579
120893436
120899838
120899945
120900025
120961712
120962548
120964116
121013472
121020728
121021644
121022533
121085785
121113728
121114997
121123737
121215172
121215333
121272493
121329580
121333541
121395435
121458495
121461701
121462999
121465371
121465404
121599740
121602473
121603086
121603556
121603761
121603852
121656582
121660595
121660779
121660826
121729607
121733900
121734006
121785676
121785939
121786521
121787669
121789066
121795464
12181371
121865605
121943923
121943952
121946404
121988890
122062591
122062725
122063936
122066167
122066280
122068161
122069243
122070274
122136712
122137575
122224871
122294261
122294985
122298422
122298563
122300177
122302031
122376998
122442334
122442545
122443195
122446089
122446866
122447896
122447994
122449752
122451550
122507231
122595516
122595850
122596334
122597057
122597885
122605691
122607324
122706051
122706631
122707140
122707371
122712179
122712446
122713147
122713286
122716169
122716806
122716838
122781795
123126460
123130285
123201193
123202589
123202646
123206821
123230993
123231917
123235018
123312978
123314844
123316380
123358019
123358827
123408693
123408863
123413463
123415040
123416041
123416753
123447451
123448077
123451321
123451768
123490277
123490444
123492903
123495717
123497954
123499226
125060509
12611594
126325985
12666215
12785571
130038122
130162252
130502317
130538732
1309019
1333933
137090755
137096633
137149476
137150039
137150544
137150599
137151294
137151626
137212833
137219378
137307173
137315414
137315852
137317096
137319097
137336979
137337090
137340986
137342468
137348756
137349536
137401986
137409907
137410211
137411225
137483383
137488218
137545963
137547023
137548225
137548281
137548365
137549134
137550938
137555923
137556026
137557778
137627194
137634508
137635103
137635841
137636895
137637249
137638020
137687119
137687477
137754713
137757057
137815803
137816475
137817056
137892408
137892978
137899939
137972889
138036531
138036952
138096962
138097784
138097834
138099276
138100223
138105127
138217479
138219367
138219428
138219758
138222081
138296836
138303317
138364751
138366224
138423341
138430864
138431036
138431522
138477499
138479461
138568416
138568968
138572691
138575125
138636741
138645719
138728891
138805992
138888805
138968107
138968338
139034625
139036121
139106013
139375960
142211778
14227229
145368316
145752628
147677253
155867025
15692883
157230659
158112888
158113449
158114000
158114283
158167159
158169713
158171839
158175366
158212755
158213532
158215347
158216544
158216580
158217620
158218214
158218591
158218731
158269049
158270511
158270568
158272257
158272820
158274583
158275161
158276273
158278132
158317637
158317824
158322296
158322622
158324044
158324326
158325998
158326424
158326744
158385035
158386680
158388625
158392088
158394286
158412890
158416263
158422963
158433884
158484518
158486560
158486842
158487005
158487028
158487108
158487658
158489091
158489787
158489841
158489897
158490928
158492133
158494681
158556108
158559018
158559861
158625687
158625761
158630233
158630552
158633475
158660363
158662352
158662813
158664331
158664692
158665571
158722002
158722119
158722379
158726129
158727691
158730203
158730884
158731243
158731868
158785055
158789121
158789380
158792743
158794459
158837572
158838278
158838923
158839043
158842046
158843824
158843826
158844032
158927791
158931258
158936201
158983401
158984590
158984916
158985675
158986028
158986227
158987296
158989909
159043952
159050004
159050690
159051188
159098652
159099116
159099716
159102744
159105397
159172027
159174942
159175206
159177065
159177232
159178000
159216808
159217349
159221689
159225155
159225841
159226202
159301148
159301821
159304134
159304532
159304741
159307214
159375845
159377404
159379942
159386728
159395366
159396818
159397031
159439931
159440697
159441326
159442087
159446957
159449041
159449495
159450182
159451957
159520040
159522175
159571280
159573063
159573412
159574927
159576968
159578257
159580427
159581434
159581842
159646633
159647213
159647359
159647910
159647919
159649308
159649503
159715997
159716174
159721015
159722311
159723041
159723305
159725400
159726546
159726559
159727092
159728250
159762011
159763320
159763595
159763602
159763612
159768168
1635721458
164407908
164413187
164456891
164458639
164459883
164459949
164460347
164460740
164522561
164522726
164524311
164525875
164527012
164529393
164552984
164555061
164556745
164558338
164558468
164560648
164658882
164670571
164670756
164671591
164671623
164723136
164724987
164726831
164727404
164727439
164728985
164778883
164780824
164781761
164784178
164785771
164786156
164828023
164830125
164830162
164830167
164830907
164834500
164836049
164882868
164883912
164889945
164890864
164891054
164891482
164892142
166806344
167227214
168281028
168811723
168811794
168812474
169079027
169083837
169176157
169176556
169177842
169178161
169180792
169457234
169459324
169463893
169465273
169504920
169556162
169557750
169560572
169561256
169814632
169931288
169932440
170236331
170241112
170251516
170346081
170346220
170346516
170733187
171090560
171502232
171884427
171972797
172372582
172373693
172422725
175233369
175241633
175261852
175265494
176899385
176966903
179012583
184008951
184009313
184011870
184014439
184015535
184015844
184088195
184162776
184164097
184164411
184166357
184247532
184298883
184300256
184417262
184417625
184417747
184426431
184427149
184428068
184469205
184554636
184559893
184561612
184998205
185057567
185062313
185184560
185185751
185335907
185336831
185408817
186853124
187273748
187273811
187278212
187309502
187960878
188876052
189380158
195193025
197241396
197643976
199671901
20536788
218299312
218299481
220604190
237157729
237157859
239236731
239238425
239273090
239285770
239287622
239287963
239289191
239306899
239307743
239309962
240177285
240179452
240183442
240219049
243244680
243271972
243921117
244089109
245392284
2468648
248853232
250595183
250707118
250956593
251018878
2521105
257429687
257802602
258202336
259506033
2621212
26416742
26416803
264508835
26472830
26473621
26491504
26493559
26538999
26539443
26540675
26541079
26541144
26541175
26582909
26583108
26583618
26583640
26583944
26584080
266015990
26656435
26656768
26657021
26748113
26750065
26751240
26751527
26752863
267569980
267570002
267570317
267650535
267673944
267745858
267746315
267746941
267748934
267749620
267989336
267989857
267991349
268060310
26814296
26815908
268160061
26817863
268382450
268383727
268387099
268390796
268483792
268492383
268603980
268604100
268604336
268612417
268612521
268712158
268932150
268935452
269030207
269217040
269262974
269263219
269263934
269264648
269270853
269271535
26961214
26961231
27006340
27007509
27009720
27014562
270521167
270521439
270525576
270609625
270610053
270611401
270611599
270615037
270615772
270616541
270617233
270617362
270618467
270619059
270619473
270695184
270695341
270696519
270699185
270704515
270705258
270705307
270706782
270786157
270787590
270789362
270790035
270790094
270790313
270790652
27081773
27082724
27084006
270854155
270854684
270855225
270857293
270857590
270862497
270954695
270955277
270957896
270959184
270959279
271040328
271040560
271040678
271044777
271046140
271046694
271046907
271050878
271051532
271158747
271158815
271159855
271162671
271162715
271163971
271164394
271164596
271164726
271164778
271165395
271165854
271253308
271253848
271253957
271255413
271255614
271256817
271259677
271261159
271347291
271347296
271348323
271351820
271353794
271354748
271355361
271355638
271424795
271427581
271433874
271537714
271537790
271538318
271539239
271545939
271546110
271546798
271663670
271665352
271669275
271752712
271755153
271758442
271758949
271759028
271762145
271770315
271774166
27187386
271877992
271881331
271885110
27188610
271898990
271959909
271960006
271960115
271963778
271964647
271966200
271970605
271970692
272073383
272073436
272074477
272080244
272083644
272083669
272083995
272084528
272085033
272173269
272179260
272180236
272183546
272184502
272269239
272270522
272270869
272272564
272275278
272278272
272278496
27231753
27233725
27235573
272376022
27239111
27239856
27240404
27240575
272484980
272488625
272489594
272490211
272491028
272491981
272496083
272596372
272596598
272597196
272601590
272602477
272605867
272707494
272708868
272715773
272716728
272716898
272719153
272838324
272841734
272842268
272842291
272843289
272845785
272940104
272942844
272944301
272945038
273036401
273045068
273047792
273129679
273130565
273131021
273131845
273132513
273132601
273138666
273141643
273234664
273237673
273238089
273378026
273378480
273378908
273499989
273500946
273507060
273582656
273591945
273592336
273592350
273681023
273685548
273690208
273690421
273694712
273694735
273773509
273778951
273866337
273875149
27390527
27391836
27396284
27396869
274017990
274020852
274022334
274030824
274031725
274118253
274126997
274198958
27455225
27456723
27458633
27458799
27529656
27530621
27531854
27532033
27532128
27532561
27533282
275488493
275490218
275490412
275490723
275491028
275494550
275494853
275496016
275569511
275569784
275571034
275574174
275575346
275575525
27639443
2764004
27642556
27649203
27649489
276754403
27687265
27766596
27766705
27769737
27771842
27774043
27776660
27776674
27843707
27843776
27843860
27845000
27846759
27847814
278892590
27905500
27912377
27912642
27913639
27913951
27914290
27914560
27990682
27991150
279912260
279913214
279913347
279913760
279915288
279915521
279917996
28090925
281408474
281541545
28159758
28229515
28230011
28231454
28234022
283419843
28361491
28448998
28450124
285272237
287331845
287333762
288246496
290005350
290032428
290033595
290034635
290034960
290035649
291685334
291751373
292152376
293459761
294319820
297146115
297146957
297373047
298834402
298836607
298837729
298897851
298897924
298961646
298962633
298965827
299028577
299028607
299029323
299030246
299032517
299033164
299087968
299153388
299154193
299156353
299156496
299158566
299160628
299161524
299217801
299217895
299217986
299218299
299218775
299219860
301031110
301610040
305243225
31244979
317520667
318696424
318707987
320636129
322388624
323094535
335102224
335322931
33595516
336732544
337632006
339522221
346250894
346338552
347812320
348835438
35019000
350737935
350738817
350810654
350813835
350813882
351056774
351057636
351060274
351062058
351070059
351072172
351188824
351189211
351190880
351191396
351191596
351766445
351766517
351766604
351799800
351801933
351803452
351803524
351804260
351909600
351909828
351910733
351911398
352011765
352013607
352013661
353459965
354469661
354619337
360023069
360023124
360023295
370736259
37348844
374530847
375942197
376637093
37718056
377730967
377782184
377782430
377908774
377909767
377915723
377915758
377918545
378012771
378013798
378086008
378086390
378087161
378087276
378159769
378160351
380546118
380583651
38116202
38136597
38200266
38258419
38355468
391880567
391958006
392353449
392469577
392876254
394175334
394176812
394177315
394179552
395171208
397052808
398895470
399155300
399402994
399794186
399819857
399821807
399821831
399826020
399860388
399911496
399913391
399915645
399951196
399951202
399953616
399954605
399956098
405010127
405673618
405685914
405686888
405719252
405719448
405719849
406948151
406951266
406952542
407001589
407001624
407002705
411839167
413753029
414843476
416136788
416265126
416266465
416266820
416279965
416281238
416281986
416282121
416529246
417655814
417655835
417657148
417659456
417660580
417678115
420814525
422325510
422334505
422349422
422349881
422685031
424815179
424815791
424864368
425817867
427685831
427761355
428820090
429302040
431701493
432247186
432247315
432254760
432261603
436478932
437444661
440113053
440687723
441907126
442530946
446672575
453064665
454069765
455036659
455784423
459730973
46020827
464300749
466390120
467929202
468574941
47976987
47977416
48131596
48132154
48217265
48304460
48352404
48353203
48353902
48354835
48419097
48448706
48450382
48451491
48451562
48506710
48506742
49040478
49512708
49652731
50171060
51641442
51664268
53728859
56760743
57984377
6036597
61205803
62999585
63000832
63005080
63005467
63005636
63009789
63010445
63010574
63066410
63066763
63069779
63070427
63072565
63074796
63074840
63076026
63120475
63120970
63121790
63122176
63122858
63125460
63126989
63130782
63203294
63204022
63204326
63205796
63206411
63209010
63210324
63213956
63214717
63214893
63282889
63285279
63286249
63288848
63288941
63289401
63289452
63362217
63362238
63366291
63373449
63373862
63449012
63453366
66664249
670036
677945
68048686
68504570
68952448
70298662
70412892
706595
70803960
709015
71841620
73848324
73943566
741119
741596
743941
75266189
771548
77202722
90090343
90605642
91051152
915110182
92449173
9385460
9443323
94893626
96847781
73448352
286099128
346626688
395393265
445751830
154385809
158840777
171975725
18097734
18277196
20856917
21267079
2288734
234928947
154385809
158840777
171975725
18097734
18277196
20856917
21267079
154385809
158840777
171975725
18097734
18277196
20856917
21267079
2288734
234928947
258444495
268484648
281520119
311407476
312545949
32432767
347909637
348652846
39554091
413948621
459558974
61230756
154385809
158840777
171975725
18097734
18277196
154385809
158840777
171975725
18097734
18277196
20856917
21267079
2288734
234928947
258444495
268484648
281520119
311407476
312545949
32432767
347909637
348652846
39554091
413948621
459558974
61230756
154385809
158840777
171975725
18097734
18277196
154385809
158840777
171975725
18097734
18277196
154385809
158840777
171975725
18097734
18277196
20856917
21267079
2288734
154385809
158840777
171975725
18097734
18277196
20856917
21267079
2288734
234928947
258444495
268484648
154385809
158840777
171975725
18097734
18277196
20856917
21267079
2288734
234928947
258444495
268484648
281520119
311407476
312545949
32432767
347909637
348652846
39554091
413948621
459558974
61230756
154385809
158840777
171975725
18097734
18277196
20856917
21267079
2288734
234928947
258444495
268484648
281520119
311407476
312545949
32432767
347909637
348652846
39554091
413948621
459558974
61230756
154385809
158840777
171975725
18097734
18277196
20856917
21267079
2288734
234928947
258444495
268484648
281520119
311407476
312545949
32432767
347909637
348652846
39554091
413948621
459558974
61230756
39554091
413948621
459558974
61230756
